[[[  0.00000000e+00   0.00000000e+00   0.00000000e+00   0.00000000e+00
     0.00000000e+00   0.00000000e+00   0.00000000e+00   0.00000000e+00
     0.00000000e+00   0.00000000e+00   1.69139816e+02   0.00000000e+00
     0.00000000e+00   0.00000000e+00]
  [  5.54591064e+02   0.00000000e+00   0.00000000e+00   0.00000000e+00
     0.00000000e+00   0.00000000e+00   0.00000000e+00   0.00000000e+00
     6.96592102e+02   0.00000000e+00   4.49299500e+02   0.00000000e+00
     1.84577209e+02   0.00000000e+00]
  [  3.41688428e+03   0.00000000e+00   0.00000000e+00   0.00000000e+00
     4.54968842e+02   0.00000000e+00   0.00000000e+00   0.00000000e+00
     1.37323853e+03   1.34407959e+03   6.16128662e+02   0.00000000e+00
     2.64865356e+02   0.00000000e+00]
  [  2.92820215e+03   0.00000000e+00   0.00000000e+00   0.00000000e+00
     1.92295422e+03   0.00000000e+00   0.00000000e+00   4.93062958e+02
     1.14004224e+03   1.70448669e+03   0.00000000e+00   0.00000000e+00
     1.55537964e+03   0.00000000e+00]]

 [[  0.00000000e+00   0.00000000e+00   0.00000000e+00   0.00000000e+00
     0.00000000e+00   0.00000000e+00   8.24170959e+02   0.00000000e+00
     0.00000000e+00   0.00000000e+00   6.46374512e+02   0.00000000e+00
     0.00000000e+00   0.00000000e+00]
  [  1.67805872e+03   0.00000000e+00   0.00000000e+00   0.00000000e+00
     0.00000000e+00   0.00000000e+00   1.09139026e+03   0.00000000e+00
     0.00000000e+00   0.00000000e+00   3.55722321e+02   0.00000000e+00
     1.56968774e+03   0.00000000e+00]
  [  2.47324561e+03   0.00000000e+00   0.00000000e+00   0.00000000e+00
     0.00000000e+00   0.00000000e+00   8.52903564e+02   0.00000000e+00
     0.00000000e+00   1.66565750e+02   0.00000000e+00   0.00000000e+00
     1.44389343e+03   0.00000000e+00]
  [  1.76258252e+03   0.00000000e+00   0.00000000e+00   0.00000000e+00
     1.64034558e+03   0.00000000e+00   3.23024323e+02   4.63466492e+01
     3.85376770e+02   1.28382471e+03   1.03697502e+02   0.00000000e+00
     9.28674988e+02   0.00000000e+00]]

 [[  0.00000000e+00   0.00000000e+00   0.00000000e+00   0.00000000e+00
     0.00000000e+00   0.00000000e+00   1.79030664e+03   0.00000000e+00
     3.40527153e+01   7.48071472e+02   0.00000000e+00   0.00000000e+00
     6.26192322e+02   0.00000000e+00]
  [  1.95422012e+02   0.00000000e+00   0.00000000e+00   0.00000000e+00
     0.00000000e+00   0.00000000e+00   1.91230017e+03   0.00000000e+00
     4.46174133e+02   1.60706775e+03   3.41475677e+02   0.00000000e+00
     1.91039990e+03   0.00000000e+00]
  [  0.00000000e+00   0.00000000e+00   0.00000000e+00   0.00000000e+00
     0.00000000e+00   0.00000000e+00   2.99403149e+03   0.00000000e+00
     0.00000000e+00   2.33905347e+03   2.48969629e+03   0.00000000e+00
     7.85386108e+02   0.00000000e+00]
  [  0.00000000e+00   0.00000000e+00   0.00000000e+00   0.00000000e+00
     2.09998804e+03   0.00000000e+00   2.70356567e+03   4.49997772e+02
     2.54268906e+02   1.45959558e+03   2.82738110e+03   0.00000000e+00
     4.37021851e+02   0.00000000e+00]]

 [[  0.00000000e+00   0.00000000e+00   0.00000000e+00   0.00000000e+00
     0.00000000e+00   0.00000000e+00   1.16311626e+01   0.00000000e+00
     0.00000000e+00   4.61373230e+02   0.00000000e+00   0.00000000e+00
     9.69670288e+02   0.00000000e+00]
  [  0.00000000e+00   0.00000000e+00   0.00000000e+00   0.00000000e+00
     0.00000000e+00   0.00000000e+00   1.46020239e+03   0.00000000e+00
     3.14192832e-01   7.51596313e+02   0.00000000e+00   0.00000000e+00
     1.63638977e+03   0.00000000e+00]
  [  0.00000000e+00   0.00000000e+00   0.00000000e+00   0.00000000e+00
     0.00000000e+00   0.00000000e+00   3.25047241e+03   0.00000000e+00
     0.00000000e+00   1.63630847e+03   1.14983545e+03   0.00000000e+00
     9.90425659e+02   0.00000000e+00]
  [  0.00000000e+00   0.00000000e+00   0.00000000e+00   0.00000000e+00
     1.02171252e+03   0.00000000e+00   3.05621875e+03   0.00000000e+00
     0.00000000e+00   1.35007751e+03   1.43803247e+03   0.00000000e+00
     1.03838599e+03   0.00000000e+00]]]
