[[[   984.605896     3123.76879883   6933.95947266      0.           3613.73242188
        0.              0.           2880.30029297      0.              0.
        0.           2250.51586914      0.              0.        ]
  [  6706.13427734   3614.40283203   8255.58300781      0.           5013.98876953
        0.              0.           4325.56103516      0.              0.
        0.            112.84796906      0.              0.        ]
  [     0.           7315.29589844   8889.79882812      0.           3268.76318359
        0.              0.           6984.30664062      0.              0.
        0.              0.              0.              0.        ]
  [     0.           6571.63525391   3991.00585938      0.            174.72415161
        0.              0.           7164.515625        0.              0.
        0.              0.              0.              0.        ]]

 [[     0.              0.           5789.88818359      0.              0.
        0.              0.              0.              0.              0.
        0.            701.74139404   1396.8548584       0.        ]
  [  2106.53295898      0.           9053.40625         0.              0.
        0.              0.              0.              0.              0.
        0.              0.            605.48486328      0.        ]
  [     0.           1813.46472168  10580.73828125      0.              0.
        0.              0.              0.              0.              0.
        0.              0.              0.              0.        ]
  [     0.           3871.72094727   9699.86328125      0.              0.
        0.              0.            484.06008911      0.              0.
        0.              0.              0.              0.        ]]

 [[   269.07452393    269.10317993   4223.640625        0.              0.
        0.             73.11390686      0.              0.              0.
        0.              0.              0.              0.        ]
  [  3203.66333008      0.           4587.03515625      0.              0.
        0.              0.              0.              0.              0.
        0.              0.              0.              0.        ]
  [     0.            960.00134277   8014.23095703      0.              0.
        0.              0.              0.              0.              0.
        0.              0.              0.              0.        ]
  [   213.58512878   1982.1472168    7099.01318359      0.              0.
        0.              0.              0.              0.              0.
        0.              0.              0.              0.        ]]

 [[  2443.1652832    1782.38586426   1244.85058594      0.              0.
        0.           2064.74291992      0.              0.              0.
        0.              0.              0.              0.        ]
  [  2261.90209961      0.           1521.71655273      0.              0.
        0.              0.              0.              0.              0.
        0.              0.              0.              0.        ]
  [  1668.10681152     45.09745026   2174.25268555      0.              0.
        0.              0.              0.              0.              0.
        0.              0.              0.              0.        ]
  [    93.29529572      0.           2103.44580078      0.              0.
        0.              0.              0.              0.              0.
        0.              0.              0.           1138.37023926]]]
