[[[  6.70298004e+01   0.00000000e+00   0.00000000e+00   0.00000000e+00
     0.00000000e+00   0.00000000e+00   1.49458786e+02   0.00000000e+00
     0.00000000e+00   0.00000000e+00   0.00000000e+00   0.00000000e+00
     0.00000000e+00   0.00000000e+00]
  [  0.00000000e+00   0.00000000e+00   4.33559036e+01   0.00000000e+00
     0.00000000e+00   0.00000000e+00   0.00000000e+00   0.00000000e+00
     0.00000000e+00   0.00000000e+00   0.00000000e+00   0.00000000e+00
     0.00000000e+00   0.00000000e+00]
  [  0.00000000e+00   0.00000000e+00   3.44130615e+02   0.00000000e+00
     0.00000000e+00   0.00000000e+00   0.00000000e+00   0.00000000e+00
     0.00000000e+00   0.00000000e+00   0.00000000e+00   0.00000000e+00
     0.00000000e+00   0.00000000e+00]
  [  0.00000000e+00   0.00000000e+00   3.11480164e+02   0.00000000e+00
     0.00000000e+00   0.00000000e+00   0.00000000e+00   3.06119978e-01
     0.00000000e+00   0.00000000e+00   0.00000000e+00   0.00000000e+00
     0.00000000e+00   0.00000000e+00]
  [  0.00000000e+00   0.00000000e+00   2.86451599e+02   0.00000000e+00
     0.00000000e+00   0.00000000e+00   1.98759632e+01   0.00000000e+00
     0.00000000e+00   0.00000000e+00   0.00000000e+00   0.00000000e+00
     0.00000000e+00   0.00000000e+00]
  [  0.00000000e+00   0.00000000e+00   3.60790344e+02   0.00000000e+00
     0.00000000e+00   0.00000000e+00   0.00000000e+00   0.00000000e+00
     0.00000000e+00   0.00000000e+00   0.00000000e+00   0.00000000e+00
     0.00000000e+00   0.00000000e+00]
  [  0.00000000e+00   0.00000000e+00   1.36466858e+02   0.00000000e+00
     0.00000000e+00   0.00000000e+00   0.00000000e+00   0.00000000e+00
     0.00000000e+00   0.00000000e+00   0.00000000e+00   0.00000000e+00
     0.00000000e+00   0.00000000e+00]
  [  0.00000000e+00   0.00000000e+00   4.34514526e+02   0.00000000e+00
     0.00000000e+00   0.00000000e+00   0.00000000e+00   3.66004822e+02
     0.00000000e+00   0.00000000e+00   0.00000000e+00   0.00000000e+00
     0.00000000e+00   0.00000000e+00]]

 [[  0.00000000e+00   0.00000000e+00   0.00000000e+00   0.00000000e+00
     0.00000000e+00   0.00000000e+00   0.00000000e+00   0.00000000e+00
     0.00000000e+00   0.00000000e+00   0.00000000e+00   0.00000000e+00
     0.00000000e+00   0.00000000e+00]
  [  0.00000000e+00   0.00000000e+00   2.38974716e+02   0.00000000e+00
     0.00000000e+00   0.00000000e+00   0.00000000e+00   0.00000000e+00
     0.00000000e+00   0.00000000e+00   0.00000000e+00   0.00000000e+00
     0.00000000e+00   0.00000000e+00]
  [  0.00000000e+00   0.00000000e+00   3.62934967e+02   0.00000000e+00
     0.00000000e+00   0.00000000e+00   0.00000000e+00   0.00000000e+00
     0.00000000e+00   0.00000000e+00   0.00000000e+00   0.00000000e+00
     0.00000000e+00   0.00000000e+00]
  [  0.00000000e+00   0.00000000e+00   4.42038544e+02   0.00000000e+00
     0.00000000e+00   1.87317395e+00   0.00000000e+00   0.00000000e+00
     0.00000000e+00   0.00000000e+00   0.00000000e+00   0.00000000e+00
     0.00000000e+00   0.00000000e+00]
  [  0.00000000e+00   0.00000000e+00   4.76191650e+02   0.00000000e+00
     0.00000000e+00   0.00000000e+00   0.00000000e+00   0.00000000e+00
     0.00000000e+00   0.00000000e+00   0.00000000e+00   0.00000000e+00
     0.00000000e+00   0.00000000e+00]
  [  0.00000000e+00   0.00000000e+00   3.18671387e+02   0.00000000e+00
     0.00000000e+00   0.00000000e+00   0.00000000e+00   0.00000000e+00
     0.00000000e+00   0.00000000e+00   0.00000000e+00   0.00000000e+00
     0.00000000e+00   0.00000000e+00]
  [  0.00000000e+00   0.00000000e+00   3.59154358e+02   0.00000000e+00
     0.00000000e+00   0.00000000e+00   0.00000000e+00   0.00000000e+00
     0.00000000e+00   0.00000000e+00   0.00000000e+00   0.00000000e+00
     0.00000000e+00   0.00000000e+00]
  [  0.00000000e+00   0.00000000e+00   6.27405334e+02   0.00000000e+00
     0.00000000e+00   0.00000000e+00   0.00000000e+00   0.00000000e+00
     0.00000000e+00   0.00000000e+00   0.00000000e+00   0.00000000e+00
     0.00000000e+00   0.00000000e+00]]

 [[  0.00000000e+00   0.00000000e+00   0.00000000e+00   0.00000000e+00
     0.00000000e+00   0.00000000e+00   0.00000000e+00   0.00000000e+00
     0.00000000e+00   0.00000000e+00   0.00000000e+00   0.00000000e+00
     0.00000000e+00   0.00000000e+00]
  [  0.00000000e+00   0.00000000e+00   1.15873528e+02   0.00000000e+00
     0.00000000e+00   0.00000000e+00   0.00000000e+00   0.00000000e+00
     0.00000000e+00   0.00000000e+00   0.00000000e+00   0.00000000e+00
     0.00000000e+00   0.00000000e+00]
  [  0.00000000e+00   0.00000000e+00   2.09398804e+02   0.00000000e+00
     0.00000000e+00   1.65560091e+00   0.00000000e+00   1.84482071e+02
     0.00000000e+00   0.00000000e+00   0.00000000e+00   0.00000000e+00
     0.00000000e+00   0.00000000e+00]
  [  0.00000000e+00   0.00000000e+00   1.45451004e+02   0.00000000e+00
     0.00000000e+00   0.00000000e+00   0.00000000e+00   2.16751083e+02
     0.00000000e+00   0.00000000e+00   0.00000000e+00   0.00000000e+00
     0.00000000e+00   0.00000000e+00]
  [  0.00000000e+00   0.00000000e+00   1.58885513e+02   0.00000000e+00
     0.00000000e+00   3.55138512e+01   0.00000000e+00   2.11886673e+02
     0.00000000e+00   0.00000000e+00   0.00000000e+00   0.00000000e+00
     0.00000000e+00   0.00000000e+00]
  [  0.00000000e+00   0.00000000e+00   1.33391663e+02   0.00000000e+00
     0.00000000e+00   0.00000000e+00   0.00000000e+00   0.00000000e+00
     0.00000000e+00   0.00000000e+00   0.00000000e+00   0.00000000e+00
     0.00000000e+00   0.00000000e+00]
  [  0.00000000e+00   0.00000000e+00   2.64697266e+02   0.00000000e+00
     0.00000000e+00   0.00000000e+00   0.00000000e+00   0.00000000e+00
     0.00000000e+00   0.00000000e+00   0.00000000e+00   0.00000000e+00
     0.00000000e+00   0.00000000e+00]
  [  0.00000000e+00   0.00000000e+00   4.45266968e+02   0.00000000e+00
     0.00000000e+00   0.00000000e+00   0.00000000e+00   1.92131699e+02
     0.00000000e+00   0.00000000e+00   0.00000000e+00   0.00000000e+00
     0.00000000e+00   0.00000000e+00]]

 [[  0.00000000e+00   0.00000000e+00   0.00000000e+00   0.00000000e+00
     0.00000000e+00   0.00000000e+00   0.00000000e+00   0.00000000e+00
     0.00000000e+00   0.00000000e+00   0.00000000e+00   0.00000000e+00
     0.00000000e+00   0.00000000e+00]
  [  0.00000000e+00   0.00000000e+00   8.38362217e+00   0.00000000e+00
     0.00000000e+00   0.00000000e+00   0.00000000e+00   0.00000000e+00
     0.00000000e+00   0.00000000e+00   0.00000000e+00   0.00000000e+00
     0.00000000e+00   0.00000000e+00]
  [  0.00000000e+00   0.00000000e+00   1.58065125e+02   0.00000000e+00
     0.00000000e+00   3.16775169e+01   0.00000000e+00   1.64358978e+02
     0.00000000e+00   0.00000000e+00   0.00000000e+00   0.00000000e+00
     0.00000000e+00   0.00000000e+00]
  [  0.00000000e+00   0.00000000e+00   1.32663300e+02   0.00000000e+00
     0.00000000e+00   7.84054947e+01   0.00000000e+00   2.60085480e+02
     0.00000000e+00   0.00000000e+00   0.00000000e+00   0.00000000e+00
     0.00000000e+00   0.00000000e+00]
  [  0.00000000e+00   0.00000000e+00   1.06377419e+02   0.00000000e+00
     0.00000000e+00   7.54826736e+00   0.00000000e+00   1.89343185e+02
     0.00000000e+00   0.00000000e+00   0.00000000e+00   0.00000000e+00
     0.00000000e+00   0.00000000e+00]
  [  0.00000000e+00   0.00000000e+00   2.21713303e+02   0.00000000e+00
     0.00000000e+00   0.00000000e+00   0.00000000e+00   0.00000000e+00
     0.00000000e+00   0.00000000e+00   0.00000000e+00   0.00000000e+00
     0.00000000e+00   0.00000000e+00]
  [  0.00000000e+00   0.00000000e+00   2.31587036e+02   0.00000000e+00
     0.00000000e+00   0.00000000e+00   0.00000000e+00   0.00000000e+00
     0.00000000e+00   0.00000000e+00   0.00000000e+00   0.00000000e+00
     0.00000000e+00   0.00000000e+00]
  [  0.00000000e+00   0.00000000e+00   3.74828949e+02   0.00000000e+00
     0.00000000e+00   0.00000000e+00   0.00000000e+00   1.50123901e+02
     0.00000000e+00   0.00000000e+00   0.00000000e+00   0.00000000e+00
     0.00000000e+00   0.00000000e+00]]

 [[  0.00000000e+00   0.00000000e+00   0.00000000e+00   0.00000000e+00
     0.00000000e+00   0.00000000e+00   0.00000000e+00   0.00000000e+00
     0.00000000e+00   0.00000000e+00   0.00000000e+00   0.00000000e+00
     0.00000000e+00   0.00000000e+00]
  [  0.00000000e+00   0.00000000e+00   3.51312561e+01   0.00000000e+00
     0.00000000e+00   0.00000000e+00   0.00000000e+00   0.00000000e+00
     0.00000000e+00   0.00000000e+00   0.00000000e+00   0.00000000e+00
     0.00000000e+00   0.00000000e+00]
  [  0.00000000e+00   0.00000000e+00   2.05888290e+02   0.00000000e+00
     0.00000000e+00   0.00000000e+00   0.00000000e+00   7.56864395e+01
     0.00000000e+00   0.00000000e+00   0.00000000e+00   0.00000000e+00
     0.00000000e+00   0.00000000e+00]
  [  0.00000000e+00   0.00000000e+00   1.86532303e+02   0.00000000e+00
     0.00000000e+00   0.00000000e+00   0.00000000e+00   2.16706039e+02
     0.00000000e+00   0.00000000e+00   0.00000000e+00   0.00000000e+00
     0.00000000e+00   0.00000000e+00]
  [  0.00000000e+00   0.00000000e+00   2.01367310e+02   0.00000000e+00
     0.00000000e+00   0.00000000e+00   0.00000000e+00   1.15972542e+02
     0.00000000e+00   0.00000000e+00   0.00000000e+00   0.00000000e+00
     0.00000000e+00   0.00000000e+00]
  [  0.00000000e+00   0.00000000e+00   2.14547180e+02   0.00000000e+00
     0.00000000e+00   0.00000000e+00   0.00000000e+00   1.88641663e+01
     0.00000000e+00   0.00000000e+00   0.00000000e+00   0.00000000e+00
     0.00000000e+00   0.00000000e+00]
  [  0.00000000e+00   0.00000000e+00   3.86106140e+02   0.00000000e+00
     0.00000000e+00   0.00000000e+00   0.00000000e+00   0.00000000e+00
     0.00000000e+00   0.00000000e+00   0.00000000e+00   0.00000000e+00
     0.00000000e+00   0.00000000e+00]
  [  0.00000000e+00   0.00000000e+00   4.97341187e+02   0.00000000e+00
     0.00000000e+00   0.00000000e+00   0.00000000e+00   8.02920609e+01
     0.00000000e+00   0.00000000e+00   0.00000000e+00   0.00000000e+00
     0.00000000e+00   0.00000000e+00]]

 [[  0.00000000e+00   0.00000000e+00   0.00000000e+00   0.00000000e+00
     0.00000000e+00   0.00000000e+00   0.00000000e+00   0.00000000e+00
     0.00000000e+00   0.00000000e+00   0.00000000e+00   0.00000000e+00
     0.00000000e+00   0.00000000e+00]
  [  0.00000000e+00   0.00000000e+00   5.37228737e+01   0.00000000e+00
     0.00000000e+00   0.00000000e+00   0.00000000e+00   0.00000000e+00
     0.00000000e+00   0.00000000e+00   0.00000000e+00   0.00000000e+00
     0.00000000e+00   0.00000000e+00]
  [  0.00000000e+00   0.00000000e+00   4.54236298e+02   0.00000000e+00
     0.00000000e+00   0.00000000e+00   0.00000000e+00   1.96575790e+02
     0.00000000e+00   0.00000000e+00   0.00000000e+00   0.00000000e+00
     0.00000000e+00   0.00000000e+00]
  [  0.00000000e+00   0.00000000e+00   1.88457230e+02   0.00000000e+00
     0.00000000e+00   0.00000000e+00   0.00000000e+00   2.51452835e+02
     0.00000000e+00   0.00000000e+00   2.15346146e+01   0.00000000e+00
     0.00000000e+00   0.00000000e+00]
  [  0.00000000e+00   0.00000000e+00   6.53232040e+01   0.00000000e+00
     0.00000000e+00   3.86896706e+00   0.00000000e+00   2.73974457e+02
     0.00000000e+00   0.00000000e+00   0.00000000e+00   0.00000000e+00
     0.00000000e+00   0.00000000e+00]
  [  0.00000000e+00   0.00000000e+00   1.62702454e+02   0.00000000e+00
     0.00000000e+00   4.96766548e+01   0.00000000e+00   1.47788086e+02
     0.00000000e+00   0.00000000e+00   0.00000000e+00   0.00000000e+00
     0.00000000e+00   0.00000000e+00]
  [  0.00000000e+00   0.00000000e+00   3.42993378e+02   0.00000000e+00
     0.00000000e+00   0.00000000e+00   0.00000000e+00   0.00000000e+00
     0.00000000e+00   0.00000000e+00   0.00000000e+00   0.00000000e+00
     0.00000000e+00   0.00000000e+00]
  [  0.00000000e+00   0.00000000e+00   3.47150238e+02   0.00000000e+00
     0.00000000e+00   0.00000000e+00   3.52313232e+01   1.12639648e+02
     0.00000000e+00   0.00000000e+00   0.00000000e+00   0.00000000e+00
     0.00000000e+00   0.00000000e+00]]

 [[  0.00000000e+00   0.00000000e+00   5.60326385e+01   0.00000000e+00
     0.00000000e+00   4.95457687e+01   0.00000000e+00   0.00000000e+00
     0.00000000e+00   0.00000000e+00   0.00000000e+00   1.33529526e+02
     0.00000000e+00   0.00000000e+00]
  [  0.00000000e+00   0.00000000e+00   1.01953659e+02   0.00000000e+00
     0.00000000e+00   0.00000000e+00   0.00000000e+00   0.00000000e+00
     0.00000000e+00   0.00000000e+00   0.00000000e+00   0.00000000e+00
     0.00000000e+00   0.00000000e+00]
  [  0.00000000e+00   0.00000000e+00   2.46920425e+02   0.00000000e+00
     0.00000000e+00   8.80618210e+01   0.00000000e+00   2.16234573e+02
     0.00000000e+00   0.00000000e+00   0.00000000e+00   0.00000000e+00
     0.00000000e+00   0.00000000e+00]
  [  0.00000000e+00   0.00000000e+00   4.74994888e+01   0.00000000e+00
     0.00000000e+00   2.37008057e+02   0.00000000e+00   2.28298950e+02
     0.00000000e+00   0.00000000e+00   0.00000000e+00   0.00000000e+00
     0.00000000e+00   0.00000000e+00]
  [  0.00000000e+00   0.00000000e+00   3.89630928e+01   0.00000000e+00
     0.00000000e+00   2.42523926e+02   0.00000000e+00   1.83512360e+02
     0.00000000e+00   0.00000000e+00   0.00000000e+00   0.00000000e+00
     0.00000000e+00   0.00000000e+00]
  [  0.00000000e+00   0.00000000e+00   7.25053864e+01   0.00000000e+00
     0.00000000e+00   2.51781754e+02   0.00000000e+00   1.54638947e+02
     0.00000000e+00   0.00000000e+00   0.00000000e+00   0.00000000e+00
     0.00000000e+00   0.00000000e+00]
  [  0.00000000e+00   0.00000000e+00   2.04183411e+02   0.00000000e+00
     0.00000000e+00   0.00000000e+00   0.00000000e+00   0.00000000e+00
     0.00000000e+00   0.00000000e+00   0.00000000e+00   0.00000000e+00
     0.00000000e+00   0.00000000e+00]
  [  0.00000000e+00   0.00000000e+00   8.03011703e+01   0.00000000e+00
     0.00000000e+00   0.00000000e+00   0.00000000e+00   9.75036850e+01
     0.00000000e+00   0.00000000e+00   0.00000000e+00   0.00000000e+00
     0.00000000e+00   0.00000000e+00]]

 [[  0.00000000e+00   0.00000000e+00   8.28209457e+01   0.00000000e+00
     0.00000000e+00   1.56431992e+02   0.00000000e+00   0.00000000e+00
     0.00000000e+00   0.00000000e+00   0.00000000e+00   3.24008675e+01
     0.00000000e+00   0.00000000e+00]
  [  0.00000000e+00   0.00000000e+00   2.57693573e+02   4.53296509e+01
     0.00000000e+00   1.35614700e+02   0.00000000e+00   0.00000000e+00
     0.00000000e+00   0.00000000e+00   0.00000000e+00   0.00000000e+00
     0.00000000e+00   1.48523417e+01]
  [  0.00000000e+00   0.00000000e+00   1.08869911e+02   1.54596512e+02
     0.00000000e+00   1.37042938e+02   0.00000000e+00   7.23547211e+01
     0.00000000e+00   0.00000000e+00   0.00000000e+00   0.00000000e+00
     0.00000000e+00   0.00000000e+00]
  [  0.00000000e+00   0.00000000e+00   1.28774002e+02   8.67897339e+01
     0.00000000e+00   1.72032349e+02   0.00000000e+00   2.72614319e+02
     0.00000000e+00   0.00000000e+00   0.00000000e+00   0.00000000e+00
     0.00000000e+00   2.05440664e+00]
  [  0.00000000e+00   0.00000000e+00   2.34507492e+02   4.34446640e+01
     0.00000000e+00   2.23105759e+02   0.00000000e+00   2.25000610e+02
     0.00000000e+00   0.00000000e+00   0.00000000e+00   0.00000000e+00
     0.00000000e+00   0.00000000e+00]
  [  0.00000000e+00   0.00000000e+00   3.52691040e+01   0.00000000e+00
     0.00000000e+00   2.21020493e+02   0.00000000e+00   1.57609329e+02
     0.00000000e+00   0.00000000e+00   0.00000000e+00   0.00000000e+00
     0.00000000e+00   0.00000000e+00]
  [  0.00000000e+00   0.00000000e+00   1.70599106e+02   0.00000000e+00
     0.00000000e+00   8.02455597e+01   0.00000000e+00   3.30880089e+01
     0.00000000e+00   0.00000000e+00   0.00000000e+00   0.00000000e+00
     0.00000000e+00   0.00000000e+00]
  [  0.00000000e+00   0.00000000e+00   1.07892242e+02   0.00000000e+00
     0.00000000e+00   0.00000000e+00   0.00000000e+00   1.31112518e+02
     0.00000000e+00   0.00000000e+00   0.00000000e+00   0.00000000e+00
     0.00000000e+00   0.00000000e+00]]]
