[[[ -790.73901367 -2260.83984375  -904.68939209  -835.06591797
   -1471.06994629  -250.67021179  -223.3656311   -243.73500061
    -230.70593262 -1041.14111328   554.53210449 -2254.71118164
      -8.25404835 -2125.22412109]
  [  -89.20955658 -2348.87402344 -1901.55969238 -1177.95678711
   -1308.20031738 -1706.97998047 -1060.51953125  -286.79052734
     344.52557373  -788.02270508   206.6618042  -2262.24853516
    -153.35798645 -1761.86340332]
  [ 2498.67016602 -5489.95117188 -2180.55151367 -2913.82104492
    -408.65145874  -961.94604492  -496.60232544  -230.58363342
    1121.3470459   1054.42858887   798.31799316 -2764.09204102
    -244.85972595 -1264.7019043 ]
  [ 2166.515625   -3045.57495117 -1232.17102051 -2144.6328125
    1388.81237793  -865.16314697  -419.1600647    611.27526855
     979.36383057  1858.65466309   502.10955811 -2394.79199219
    1245.46362305 -1775.11547852]]

 [[ -235.90492249 -2510.23828125 -1528.08691406  -825.07318115
   -1502.79614258  -686.54309082   734.63342285  -665.75189209
    -717.91070557 -1218.4119873   -633.05743408 -1607.79760742
     153.18748474 -1560.21130371]
  [ 1378.90332031 -3590.58007812 -2984.98706055 -1958.67077637
   -1808.00854492 -1294.08300781  1312.73864746  -626.23956299
   -1008.18566895   145.34747314  -534.00805664 -1858.44445801
    1461.26513672 -1853.73901367]
  [ 1955.87414551 -4774.62207031 -2301.29663086 -2828.16113281
   -1508.09570312 -1898.09790039  1048.07397461 -1495.49987793
   -1341.42687988  -282.96307373  -721.86791992 -2484.78466797
     953.42767334 -1720.92468262]
  [ 1495.88684082 -2046.93811035 -1178.7286377  -2386.57446289
     803.13464355 -2070.25292969   908.60552979   110.31988525
    -147.26669312  1316.1385498    294.65615845 -1823.20300293
     516.28814697 -1915.6237793 ]]

 [[ -686.65960693 -1970.65820312 -2102.57299805 -2205.015625   -2499.14868164
   -1339.36376953  1632.35327148   -93.14022827  -164.46286011
     781.09539795   -48.75457001 -1450.76879883   546.64361572
   -1730.30456543]
  [  -57.16631317 -2849.01147461 -1759.5513916  -2744.44335938
   -2420.20092773 -2639.07299805  2158.00195312  -384.76031494
    -502.99478149  1262.25231934   368.58877563 -2010.23022461
    2072.92724609 -1550.91552734]
  [-1312.52758789 -3439.32128906 -1261.39489746 -3558.87402344
    -878.99993896 -2880.72973633  2921.81445312 -1108.84606934
    -854.79486084  2132.45141602  1484.45178223 -3346.68334961
     844.98040771 -1328.50183105]
  [-1819.6583252  -2454.91577148  -894.19110107 -2874.4206543
    1395.40612793 -1508.76293945  2271.55004883  -156.23458862
    -378.78762817  1135.5390625   2599.25878906 -1141.26184082
    1112.8737793  -1783.80114746]]

 [[ -852.19177246  -494.80480957 -1267.26721191   -70.89183807
   -1381.18554688  -743.6116333   -192.31787109  -486.98782349
    -228.83274841   -51.91407776  -688.77166748 -1246.6151123
     324.19616699  -701.2074585 ]
  [ -743.84472656 -1667.64733887 -1854.56164551  -932.59387207
   -1919.52978516 -1308.65856934  1253.71313477  -322.39605713
    -937.40075684   438.96728516   102.39868927 -1582.22033691
    1051.27685547  -239.95082092]
  [-2610.77856445 -1761.18566895  -745.65338135 -2281.93408203
    -201.14215088 -2225.73583984  2439.08032227  -509.17803955
    -841.74243164  1314.29370117  1094.41357422 -2288.18017578
      26.79005432 -1142.74926758]
  [-1674.52770996 -1970.44287109  -442.25192261 -2341.92797852
     937.32574463 -1146.8302002   2570.23583984  -877.08099365
    -689.62316895   884.62573242  1352.84484863  -816.60028076
     645.40515137 -1366.10314941]]]
