[[[   728.07373047  -3836.13696289 -13641.56835938 -12500.46582031
    -1866.34912109 -13929.33105469  10851.29003906  -4846.16113281
    -6966.67822266  17839.13476562  -6086.79150391   1879.42199707
   -12237.90527344   1178.91064453]
  [ -2819.98046875  -8590.0234375  -16108.921875    -7157.44238281
    -4221.17285156 -12319.02050781   9548.25878906  -4173.2734375
     -716.90270996   8480.37109375  -8285.28417969  -6919.41748047
     1180.57141113   5706.52587891]]

 [[  1424.52416992  -4610.14208984 -14960.49316406 -11604.73730469
    -5167.48095703  -7376.25878906    397.15936279 -10776.03320312
    -9697.64160156   1916.13134766 -13772.45019531   5165.36816406
    -5912.57910156   7872.72265625]
  [   594.75671387 -10835.95605469  -6463.59765625  -2758.97705078
    -7338.75585938 -16343.63769531 -10284.11425781  -2474.57348633
     1913.31408691  -9484.20507812  -9790.72070312    869.68548584
    -1265.57043457   4299.90185547]]]
