[[[  1762.9453125       0.              0.              0.              0.
        0.          10508.48242188      0.              0.          19121.33007812
        0.              0.              0.           2557.56152344]
  [     0.              0.              0.              0.              0.
        0.          10712.58398438      0.              0.           5221.21923828
        0.              0.            678.33929443   5534.48779297]]

 [[  2014.13525391      0.              0.              0.              0.
        0.              0.              0.              0.           5939.74072266
        0.           5961.98339844      0.           9169.68164062]
  [     0.              0.              0.              0.              0.
        0.              0.              0.           1005.77484131      0.
        0.            606.45123291      0.           3857.36938477]]]
