[[[  -2.0044322   -17.89112282  -23.86833954 ...,  -14.80186462
     12.10612869   14.84733295]
  [   9.30412483  -17.15034103  -25.79792595 ...,  -43.74091339
     22.19780922  -17.64908791]
  [   9.11225605  -39.23065948  -33.866436   ...,  -75.81906891
     19.02079582  -33.16181183]
  ..., 
  [  -7.3313241   -25.95689583  -33.58721924 ...,  -80.37216187
     10.51597309  -39.51196289]
  [  -8.13183498   39.80548859  -17.31152344 ...,  -51.75249481
     -4.73445511  -31.93246078]
  [  -1.51615262   -6.21462107  -10.65527248 ...,  -33.8288269
     -4.93597984  -47.48967361]]

 [[ -36.83568192  -16.82849503  -44.91104126 ...,  -47.13086319
     11.55305862  -14.65825844]
  [ -15.87402153  -28.93178558  -37.77195358 ...,  -66.93500519
     28.92448807  -64.9356842 ]
  [ -17.72571754   -2.41167545  -44.27576065 ...,  -88.01317596
     13.66893387  -76.50939941]
  ..., 
  [ -23.68562889   -8.60639858  -55.47966766 ...,  -83.08493042
     21.48198128  -73.82842255]
  [  -7.30807829   70.87142181  -18.64761162 ...,  -60.8579483
     11.69936848  -36.52690506]
  [  17.741045    -12.54700565  -27.49676704 ...,  -23.8121891
     16.77107239  -61.91810608]]

 [[ -27.6382122   -35.46809769  -53.38933563 ...,  -54.07588196
     -0.26855576  -32.98128128]
  [ -30.04435158  -28.32791328  -52.11074448 ...,  -72.67880249
    -10.3370924   -75.27571869]
  [ -14.49535084   -0.79641438  -57.28729248 ...,  -74.51254272
      6.47977018  -53.80719376]
  ..., 
  [ -27.92268181  -16.18273735  -52.07925034 ...,  -58.79004288
     15.51480579  -62.37039185]
  [  14.10058594   56.23655319  -14.66139412 ...,  -39.16641998
     47.6432457   -27.51916122]
  [  26.18730545  -12.26919746  -29.52327919 ...,  -29.03531075
     42.59918594  -41.87935257]]

 ..., 
 [[ -30.57444572  -47.6743927   -55.59991074 ...,  -65.16953278
     13.62413883  -37.88738632]
  [ -17.5723629   -51.3315239   -58.53305817 ...,  -79.85870361
      9.80039406 -102.30617523]
  [ -23.08232689  -44.36436462  -68.94618225 ...,  -62.82830811
      3.43765354  -77.45755768]
  ..., 
  [ -57.83825684  -27.9196167   -78.05175781 ...,  -67.6163559
     32.87367249  -80.04651642]
  [  20.18021011   51.12034988  -29.67810822 ...,  -41.44015503
     48.53897476  -40.8968544 ]
  [  23.71072197  -16.50319481  -53.75710678 ...,  -33.49058151
     41.38391876  -56.20593643]]

 [[ -46.49114609  -45.90213776  -36.68367004 ...,  -43.15566635
     -1.40154016  -36.89557648]
  [ -43.69602966  -28.77367973  -35.93422318 ...,  -64.81954956
     10.2078743  -107.55910492]
  [ -66.98312378   -5.11840296  -13.86888409 ...,  -45.41131973
      4.87784529  -89.4434433 ]
  ..., 
  [ -88.03412628  -15.80307865  -28.50905991 ...,  -39.35277557
     22.77064896  -98.15782928]
  [  -1.75379443   46.03566742   17.2053299  ...,   11.14261532
     29.52200127  -71.34016418]
  [   4.51776123   22.30980873    2.85180855 ...,   -9.70280457
     11.29558086  -44.10363388]]

 [[ -12.73976517  -39.29839325  -14.45673084 ...,  -31.38251495
    -12.91256142  -42.79174805]
  [  -5.45670795   -9.70638943  -15.36690617 ...,  -60.38674164
      2.34471893  -73.84338379]
  [  -8.43096733    8.42924404  -20.61084175 ...,  -26.54529953
      3.3810482   -49.45301056]
  ..., 
  [ -17.13987541    1.59737599  -46.2922821  ...,  -18.33362389
     21.05281639  -43.55920792]
  [  35.5932579    17.88069725   12.9488287  ...,   39.52526093
     40.83528137   -8.85013771]
  [  26.96767044    8.19844246   -6.6098938  ...,   23.30324745
     27.17161179   11.80495167]]]
