[[[ -3.94779625e+01  -2.83073303e+02  -2.23840897e+02  -3.94013031e+02
    -2.43005341e+02  -3.52985840e+02   2.23730240e+02  -2.59600555e+02
    -4.54585724e+02  -3.90971649e+02  -2.00170486e+02  -1.76667728e+01
    -4.92885345e+02  -4.11962708e+02]
  [ -3.65334015e+02  -6.00327393e+02   5.79599915e+01  -3.89962891e+02
    -2.57502838e+02  -5.23492920e+02  -7.21595764e+01  -1.57225845e+02
    -3.12860229e+02  -3.61502808e+02  -2.04133224e+02  -2.32949493e+02
    -7.91896667e+02  -3.76483307e+02]
  [ -4.35879303e+02  -6.24605835e+02   4.73273468e+02  -5.09768127e+02
    -3.81042480e+02  -4.28172363e+02  -1.27694870e+02   8.59881592e+01
    -6.83803284e+02  -5.67218689e+02  -1.68438812e+02  -2.32928253e+02
    -7.34170227e+02  -5.17397217e+02]
  [ -3.77075439e+02  -8.16609680e+02   2.45476166e+02  -3.91369843e+02
    -4.70302185e+02  -3.38656097e+02  -2.33535873e+02   1.90099731e+02
    -5.30819031e+02  -5.67105469e+02  -1.43898178e+02  -1.86833740e+02
    -6.94786438e+02  -5.64599731e+02]
  [ -1.11630989e+02  -8.09047302e+02   2.42713104e+02  -4.84944641e+02
    -4.04951965e+02  -6.08254211e+02  -9.25404835e+00  -5.33357697e+01
    -5.95791870e+02  -6.07778931e+02  -2.48991699e+02  -3.04124908e+02
    -6.79571350e+02  -4.99161011e+02]
  [ -4.29687462e+01  -6.70016418e+02   4.00058594e+02  -7.34441895e+02
    -3.12374725e+02  -7.22666931e+02  -2.06568741e+02  -2.39660645e+02
    -5.32238464e+02  -6.70357544e+02  -3.00337372e+02  -5.47365784e+02
    -4.80134033e+02  -4.92938507e+02]
  [ -4.49475494e+02  -4.08957092e+02   1.58524033e+02  -9.72770691e+02
    -6.26513245e+02  -2.29857788e+02  -1.34118042e+02   3.63077927e+01
    -9.65084000e+01  -3.77609711e+02   1.12086992e+01  -4.98914490e+02
    -4.70327393e+02  -4.08050323e+02]
  [ -8.76430847e+02  -5.46270264e+02   5.48186523e+02  -3.44048309e+02
    -4.83213257e+02  -2.46606918e+02  -7.35303268e+01   5.86456604e+02
    -3.41135468e+02  -1.46382965e+02   1.16243202e+02  -4.24185669e+02
    -5.58842590e+02  -1.96324825e+01]]

 [[ -3.10579376e+02  -2.65009155e+02   7.59783630e+01  -4.12300507e+02
    -2.89019836e+02  -1.62392914e+02  -8.47904892e+01  -4.76714355e+02
    -3.96112396e+02  -3.63262848e+02  -2.92185059e+02  -9.30008011e+01
    -5.28090393e+02  -3.30273956e+02]
  [ -7.43259216e+02  -6.05526306e+02   3.52031677e+02  -3.44392303e+02
    -4.03956726e+02  -1.20124023e+02  -5.12187134e+02  -3.12780792e+02
    -4.97792816e+02  -4.22998108e+02  -2.77149231e+02  -3.17982178e+02
    -9.68511963e+02  -3.69547211e+02]
  [ -5.15194824e+02  -7.33483093e+02   5.61082214e+02  -2.57621216e+02
    -5.42029663e+02  -8.91379471e+01  -5.19908936e+02  -1.34491409e+02
    -7.72578857e+02  -5.34397522e+02  -1.64105652e+02  -4.91334656e+02
    -7.90207092e+02  -5.30482971e+02]
  [ -4.88834991e+02  -7.45090942e+02   4.96350037e+02  -1.82807129e+02
    -4.58250275e+02   4.37560844e+01  -4.95908997e+02  -1.79565468e+01
    -7.19551575e+02  -5.84479675e+02  -9.08887634e+01  -3.31155762e+02
    -7.50409363e+02  -5.34374695e+02]
  [ -5.65202393e+02  -9.60166016e+02   5.18624023e+02  -2.69241119e+02
    -4.99845123e+02  -1.31918137e+02  -3.99092010e+02  -4.22069275e+02
    -6.57605164e+02  -6.35642273e+02  -2.18413528e+02  -4.45625671e+02
    -9.01074097e+02  -7.29200134e+02]
  [ -5.64978638e+02  -7.88091125e+02   7.11256348e+02  -4.77348663e+02
    -4.87381927e+02  -1.12226128e+02  -8.74385620e+02  -6.09328308e+02
    -5.49145264e+02  -5.57650024e+02  -3.05725464e+02  -6.73990051e+02
    -7.43714844e+02  -5.44572388e+02]
  [ -5.00265869e+02  -6.45062195e+02   6.31438538e+02  -7.74684937e+02
    -6.52385559e+02  -3.17849640e+02  -5.81432861e+02  -5.07509949e+02
    -2.79950348e+02  -3.42526917e+02  -2.54059738e+02  -7.78572266e+02
    -3.31303436e+02  -3.84938049e+02]
  [ -5.92737305e+02  -5.99768860e+02   7.16820251e+02  -1.55844574e+02
    -4.30655640e+02  -3.03565125e+02  -4.26060913e+02   3.49288988e+00
    -5.36563965e+02  -3.07080917e+01  -2.14276001e+02  -6.58390442e+02
    -4.52047211e+02  -2.22527176e+02]]

 [[ -4.06515686e+02  -4.01842041e+02  -9.23220062e+01  -3.76357666e+02
    -2.52570389e+02  -2.27553902e+01  -1.28716064e+02  -3.83265961e+02
    -7.19238342e+02  -6.45269592e+02  -3.53686768e+02  -9.04377747e+01
    -7.42954041e+02  -3.95981537e+02]
  [ -7.23414062e+02  -4.46050507e+02   7.88812027e+01  -2.46591919e+02
    -2.58168335e+02  -3.98313713e+01  -3.22815002e+02  -1.86049927e+02
    -6.04228516e+02  -7.49735596e+02  -2.36960190e+02  -3.71358093e+02
    -9.88712341e+02  -4.28115112e+02]
  [ -5.12587341e+02  -6.28725464e+02   3.82117004e+02  -2.21305237e+02
    -6.12477539e+02   1.66025832e-01  -4.57749176e+02   8.35475616e+01
    -9.29593262e+02  -8.86849426e+02  -3.44386108e+02  -5.95458801e+02
    -8.87807434e+02  -6.41183777e+02]
  [ -6.07127747e+02  -5.86619019e+02   3.85654053e+02  -3.13287140e+02
    -3.72692566e+02   1.64802078e+02  -3.67535828e+02   3.09284332e+02
    -8.58874573e+02  -8.32795593e+02  -3.50133179e+02  -5.80205811e+02
    -9.30537231e+02  -7.11476318e+02]
  [ -5.15382446e+02  -8.00589783e+02   4.45878326e+02  -2.17864853e+02
    -5.91146423e+02   6.91311646e+00  -4.33806366e+02   1.07930717e+02
    -1.04641760e+03  -1.04681262e+03  -4.20097290e+02  -6.53961670e+02
    -1.07679688e+03  -8.21930969e+02]
  [ -5.32806824e+02  -6.19499207e+02   4.49506531e+02  -4.13348724e+02
    -3.57983215e+02  -4.28697662e+01  -8.66203979e+02  -1.95267548e+02
    -8.36842346e+02  -9.08184875e+02  -6.16401550e+02  -8.19029053e+02
    -7.86087646e+02  -7.44282898e+02]
  [ -2.86623932e+02  -4.81168854e+02   5.32786926e+02  -8.31039368e+02
    -7.06142578e+02  -7.29111710e+01  -4.14629669e+02  -3.64405762e+02
    -3.97642700e+02  -6.43191956e+02  -7.37163025e+02  -9.95919739e+02
    -4.71893158e+02  -4.64179321e+02]
  [ -6.26068115e+02  -4.61310516e+02   6.24672668e+02  -1.56901901e+02
    -5.96524536e+02  -3.21527374e+02   8.94962013e-01   2.61370789e+02
    -4.09012238e+02  -4.26491028e+02  -4.74147247e+02  -9.59190857e+02
    -5.89121948e+02  -3.25619263e+02]]

 [[ -4.41723846e+02  -4.28431000e+02  -1.51468567e+02  -3.78138916e+02
    -3.77584351e+02  -2.48452271e+02  -2.28718018e+02  -2.43663620e+02
    -6.70449646e+02  -5.86001282e+02  -2.63790710e+02  -7.45559082e+01
    -5.97141174e+02  -4.30025543e+02]
  [ -8.27612305e+02  -3.86194244e+02   6.02735214e+01  -2.06941422e+02
    -2.84533173e+02  -2.60233856e+02  -3.24602997e+02  -1.35176071e+02
    -5.27084351e+02  -7.82852661e+02  -2.61617645e+02  -2.80954193e+02
    -8.07523254e+02  -4.42605621e+02]
  [ -5.35282410e+02  -4.63681702e+02   3.85081238e+02  -1.83442444e+02
    -7.40429016e+02  -1.68774673e+02  -4.95767212e+02   1.08584801e+02
    -8.60743164e+02  -8.98480774e+02  -2.50353363e+02  -4.42509277e+02
    -8.72079712e+02  -5.29832336e+02]
  [ -6.10318481e+02  -5.36005432e+02   2.92703064e+02  -8.94955292e+01
    -6.35922607e+02  -1.87712952e+02  -4.65580780e+02   2.15722992e+02
    -8.40371521e+02  -9.01067261e+02  -2.44419083e+02  -4.63662262e+02
    -8.00297913e+02  -4.53689026e+02]
  [ -6.00953430e+02  -7.65927856e+02   3.15957001e+02   2.11880302e+01
    -7.08554382e+02  -2.29362518e+02  -5.95215515e+02   1.79525375e+02
    -1.09125330e+03  -9.75618286e+02  -4.03635437e+02  -2.80635040e+02
    -8.01315063e+02  -5.94549622e+02]
  [ -5.60008057e+02  -7.96878174e+02   4.28410980e+02  -2.62801514e+02
    -6.04196655e+02  -6.51306839e+01  -1.06870007e+03  -3.07835507e+00
    -8.37326843e+02  -1.01006177e+03  -4.49024994e+02  -5.10549042e+02
    -6.85751160e+02  -5.53039490e+02]
  [ -3.61970093e+02  -4.22211243e+02   3.66508240e+02  -7.72714661e+02
    -7.82275574e+02  -2.10605209e+02  -7.63031494e+02  -1.93090149e+02
    -4.88860901e+02  -7.24165405e+02  -6.41892761e+02  -7.54924622e+02
    -3.26674164e+02  -1.76497574e+02]
  [ -5.78457153e+02  -3.95263611e+02   4.04637512e+02  -3.59562798e+01
    -7.96294006e+02  -2.71389862e+02  -1.19212158e+02   1.49804031e+02
    -5.04022003e+02  -4.60166809e+02  -4.23160034e+02  -7.78004211e+02
    -5.59422119e+02  -1.98329147e+02]]

 [[ -2.45083084e+02  -4.36744843e+02  -1.26235573e+02  -2.87446747e+02
    -3.91228027e+02  -2.35339615e+02  -2.65683411e+02  -2.89834686e+02
    -6.55662476e+02  -5.75201599e+02  -3.74355316e+02  -7.07596436e+01
    -6.14612549e+02  -2.57141815e+02]
  [ -6.14949402e+02  -4.29002045e+02  -2.67700062e+01  -1.83732819e+02
    -3.58062958e+02  -2.05430618e+02  -3.38645996e+02  -7.84748611e+01
    -4.54315887e+02  -8.47076538e+02  -3.23458618e+02  -3.98786591e+02
    -8.80304016e+02  -2.95124725e+02]
  [ -4.42167847e+02  -5.09336670e+02   4.21563148e+01  -1.96203781e+02
    -6.57253479e+02  -1.19295128e+02  -5.70846252e+02   2.27254257e+02
    -5.79849976e+02  -9.58495789e+02  -2.49349335e+02  -5.84564331e+02
    -8.70678467e+02  -4.49201324e+02]
  [ -4.46968964e+02  -6.90108154e+02  -3.31612229e+00  -1.80509872e+02
    -6.46989685e+02   3.36295013e+01  -6.03895325e+02   3.12174011e+02
    -7.49908203e+02  -9.98706116e+02  -1.10735718e+02  -6.25113647e+02
    -8.38709778e+02  -3.13679230e+02]
  [ -5.04688263e+02  -8.18748413e+02   2.36232590e+02  -2.19495880e+02
    -4.63282471e+02   8.04372025e+00  -5.29746765e+02   3.19988842e+01
    -9.08109497e+02  -9.69525391e+02  -4.36330902e+02  -5.84883301e+02
    -8.95849243e+02  -3.89587738e+02]
  [ -5.25267639e+02  -6.83695007e+02   3.59196533e+02  -4.25189850e+02
    -4.43036285e+02   7.43178024e+01  -8.16462830e+02  -9.17636337e+01
    -8.50737000e+02  -8.65835449e+02  -5.54134155e+02  -6.67298157e+02
    -8.57830017e+02  -3.62939209e+02]
  [ -4.14606201e+02  -4.36767548e+02   2.61210999e+02  -9.58096313e+02
    -6.05321350e+02  -1.92117508e+02  -5.25959961e+02  -1.14825310e+02
    -4.86121887e+02  -5.47897278e+02  -3.75739563e+02  -7.48474365e+02
    -3.85034149e+02  -2.24409500e+02]
  [ -6.56853271e+02  -3.08500519e+02   2.27607712e+02  -2.66215607e+02
    -6.19982727e+02  -2.14976837e+02   7.81983662e+00   2.87118408e+02
    -3.60835785e+02  -4.49830322e+02  -3.26547119e+02  -8.90623962e+02
    -3.98669739e+02  -2.80200989e+02]]

 [[ -2.07786804e+02  -4.32118805e+02  -1.94300552e+02  -3.30753021e+02
    -3.12480682e+02  -1.99542618e+02  -2.24396515e+02  -3.02511719e+02
    -4.95181671e+02  -4.84257080e+02  -4.69805786e+02  -2.42781342e+02
    -7.39550659e+02  -2.07454453e+02]
  [ -5.67593933e+02  -3.88838165e+02  -5.04405518e+01  -2.91480469e+02
    -3.93258667e+02  -2.42301971e+02  -2.70580475e+02  -2.06497452e+02
    -3.86823425e+02  -6.65817017e+02  -4.93638977e+02  -6.51858521e+02
    -8.40510376e+02  -3.19898590e+02]
  [ -2.60393707e+02  -4.28430969e+02   5.33289108e+01  -1.58273819e+02
    -7.38655640e+02  -2.44795715e+02  -3.33014221e+02   1.57706039e+02
    -5.38298706e+02  -9.08832886e+02  -4.08545715e+02  -8.27970764e+02
    -8.30741516e+02  -6.22917908e+02]
  [ -1.94932297e+02  -4.93319000e+02  -1.14732803e+02  -2.40484726e+02
    -5.98817261e+02  -9.66351166e+01  -2.91157928e+02   2.24306061e+02
    -5.10186066e+02  -8.62565002e+02  -2.22151474e+02  -8.40444458e+02
    -7.85928345e+02  -5.99387451e+02]
  [ -2.48813065e+02  -5.27794495e+02   3.19431030e+02  -1.50210373e+02
    -5.93187622e+02  -2.29261108e+02  -1.20056519e+02   1.96654373e+02
    -8.24531372e+02  -7.83085754e+02  -5.25155273e+02  -6.50081482e+02
    -9.77045776e+02  -7.91525330e+02]
  [ -1.96383881e+02  -4.36742981e+02   3.19082092e+02  -3.38285461e+02
    -3.27611816e+02  -1.93373352e+02  -4.86922150e+02   3.26148224e+01
    -6.36265808e+02  -7.35911621e+02  -4.92594025e+02  -6.38876343e+02
    -7.65859375e+02  -7.35876831e+02]
  [ -2.38612076e+02  -3.52558136e+02   2.88154480e+02  -8.33527588e+02
    -6.18456116e+02  -2.97158844e+02  -3.67323090e+02  -1.49459015e+02
    -4.66624786e+02  -5.97351929e+02  -5.61343384e+02  -8.04884033e+02
    -3.99958954e+02  -2.79083008e+02]
  [ -5.91015381e+02  -3.02958679e+02   4.51045624e+02  -9.05126495e+01
    -6.26821960e+02  -4.56936279e+02   5.19287987e+01   1.89235733e+02
    -5.28545288e+02  -5.20481140e+02  -4.43358551e+02  -8.05411255e+02
    -6.25273438e+02  -1.89990082e+02]]

 [[ -2.67001953e+02  -1.77792160e+02  -8.47205887e+01  -2.44548401e+02
     7.81320419e+01  -5.31924667e+01  -2.54765198e+02  -1.85608658e+02
    -5.21835327e+02  -3.04580475e+02  -3.79442810e+02   1.29639313e+02
    -2.22875076e+02  -1.51532272e+02]
  [ -6.28040833e+02  -4.08705780e+02   1.35733719e+01  -1.68571609e+02
    -9.58423920e+01  -8.97867889e+01  -2.49725708e+02  -2.11425800e+01
    -4.67452301e+02  -5.75491211e+02  -5.12859009e+02  -1.98335819e+01
    -2.36875168e+02  -8.30918503e+01]
  [ -3.56786438e+02  -3.94322449e+02   4.49092388e+00  -2.49869965e+02
    -3.46298676e+02  -6.98739319e+01  -3.86655029e+02   2.72673798e+02
    -4.09456390e+02  -7.60375305e+02  -6.18486877e+02  -9.07337418e+01
    -2.85187378e+02  -2.61213715e+02]
  [ -4.16730286e+02  -3.97803253e+02  -1.16617136e+01  -2.51178436e+02
    -3.83536499e+02   2.39654684e+00  -3.51610565e+02   3.32863342e+02
    -4.02902252e+02  -8.19634949e+02  -4.35475800e+02  -2.27973618e+02
    -3.09784271e+02  -1.93044281e+02]
  [ -4.03932404e+02  -6.01465698e+02   1.81135368e+01  -1.53059525e+02
    -4.45714478e+02   1.46719803e+02  -4.86199158e+02   3.42688324e+02
    -4.34523102e+02  -7.92533752e+02  -5.55354614e+02  -1.10718315e+02
    -3.11661560e+02  -3.02089996e+02]
  [ -4.88959259e+02  -6.29740417e+02   6.06655350e+01  -3.04057648e+02
    -3.66539185e+02   3.57638733e+02  -7.87820374e+02   2.46402191e+02
    -3.84626526e+02  -9.09312744e+02  -5.62749756e+02  -3.38176308e+01
    -1.22987381e+02  -2.60136322e+02]
  [ -4.67631287e+02  -4.23360504e+02   1.70852173e+02  -6.14972229e+02
    -5.02115356e+02   7.13269424e+01  -5.99683044e+02   1.86278824e+02
    -4.40253784e+02  -7.53123535e+02  -3.12096130e+02  -1.82862564e+02
     1.67005291e+01  -2.27832199e+02]
  [ -4.05053101e+02  -4.53360840e+02   1.37115494e+02   1.08892036e+02
    -4.65664703e+02  -5.22608032e+01  -2.36892258e+02   2.86549866e+02
    -3.22484924e+02  -5.97903259e+02  -2.45104416e+02  -3.18641815e+02
    -3.60279053e+02  -2.29408737e+02]]

 [[ -3.29571472e+02  -2.83178223e+02  -4.60582848e+01  -3.01284561e+01
    -2.06300659e+01   2.74290680e+02  -3.24021118e+02  -2.69288940e+02
    -2.47844055e+02  -2.96850616e+02  -3.86680237e+02   6.97270107e+00
    -3.07586975e+02  -1.00870140e+02]
  [ -4.83581696e+02  -2.01497253e+02   8.28006287e+01   1.91004059e+02
    -1.67616348e+02   2.42183105e+02  -4.32323700e+02  -9.51409225e+01
    -4.28739563e+02  -6.75414062e+02  -4.60774994e+02  -2.39712814e+02
    -2.56234283e+02   3.18659000e+01]
  [ -3.61039978e+02  -3.80170502e+02   2.40076981e+01   1.80458954e+02
    -2.29017151e+02   1.29811142e+02  -5.39454224e+02   1.82369217e+02
    -3.85238190e+02  -7.74130920e+02  -4.56872925e+02  -3.91299866e+02
    -2.87993713e+02  -1.02060699e+02]
  [ -3.94860352e+02  -4.13317230e+02  -1.05018669e+02   7.52396317e+01
    -2.01319321e+02   1.62383377e+02  -4.52655029e+02   2.91873627e+02
    -2.99765381e+02  -7.26370911e+02  -3.70138367e+02  -4.45969910e+02
    -2.39801544e+02  -4.66194191e+01]
  [ -3.85411194e+02  -5.78857666e+02   3.01495476e+01  -4.69612007e+01
    -9.21047440e+01   1.95974213e+02  -6.71945435e+02   2.39578568e+02
    -4.63219666e+02  -8.85421875e+02  -4.37098511e+02  -5.56799805e+02
    -3.06051208e+02  -1.33844086e+02]
  [ -3.85983612e+02  -5.53007507e+02   8.43430405e+01  -1.05167831e+02
    -5.38927994e+01   8.57857285e+01  -8.30969421e+02   1.39288849e+02
    -6.23015259e+02  -6.74381592e+02  -6.03570801e+02  -5.34851868e+02
    -2.99945251e+02  -7.31534119e+01]
  [ -3.33374298e+02  -4.93589233e+02   1.00833527e+02  -1.16644890e+02
    -3.60866516e+02  -1.22919205e+02  -5.53637939e+02   1.25799347e+02
    -6.20953979e+02  -4.22163849e+02  -6.50013062e+02  -5.33507080e+02
    -4.97984962e+01  -5.53549995e+01]
  [ -1.40331909e+02  -1.99478577e+02  -3.81629982e+01   1.94701263e+02
    -2.24856277e+02  -1.79169235e+02  -1.87642044e+02   3.42323669e+02
    -3.18186096e+02  -5.15856201e+02  -4.10343628e+02  -5.23871582e+02
    -1.81557724e+02  -1.46659744e+02]]]
