[[[  1.29214776e+00  -1.13459980e+00  -2.34840065e-01 ...,  -2.75374293e-01
    -1.09122264e+00  -1.06445301e+00]
  [  9.60512519e-01  -1.16328597e+00   1.78248271e-01 ...,  -1.98385060e-01
     3.47184747e-01  -6.03834093e-01]
  [  1.62454411e-01  -4.92242187e-01  -2.13301921e+00 ...,  -9.69460845e-01
     2.48026595e-01  -5.46635687e-01]
  ..., 
  [ -1.74003994e+00  -1.99230874e+00  -1.63107133e+00 ...,  -1.30877304e+00
    -2.14474544e-01   7.64078796e-01]
  [ -1.84895658e+00  -1.07795930e+00  -2.67644429e+00 ...,  -1.32961619e+00
    -8.49471867e-01  -4.06801432e-01]
  [  1.40175566e-01  -3.77512574e-01  -2.56571388e+00 ...,  -6.92387462e-01
    -1.33137047e+00   5.92314839e-01]]

 [[  1.08985639e+00   2.10160553e-03   1.15758371e+00 ...,   1.13199317e+00
     8.24754417e-01   4.04167056e-01]
  [  6.17823362e-01  -7.81070709e-01   1.25896072e+00 ...,   3.28671992e-01
     1.05620480e+00   8.35336983e-01]
  [ -1.32577324e+00  -5.16167879e-01   4.84722853e-03 ...,   2.11618409e-01
     3.71336013e-01  -8.41065168e-01]
  ..., 
  [ -9.33451235e-01  -6.45788014e-01  -4.57673025e+00 ...,  -3.04447603e+00
     1.35550976e+00  -9.78064179e-01]
  [ -1.86355960e+00  -2.54275680e-01  -3.79313564e+00 ...,  -2.68201494e+00
    -1.39970493e+00   1.03416717e+00]
  [ -1.35731608e-01  -1.07435071e+00  -3.28111577e+00 ...,  -1.73444104e+00
    -1.03648281e+00   2.94744015e-01]]

 [[  1.89333308e+00   8.53582025e-01   1.81359693e-01 ...,  -8.91087949e-01
     2.98240638e+00   7.54988253e-01]
  [  1.54367936e+00   7.00620115e-01  -1.74696815e+00 ...,  -1.95362166e-01
     2.88512135e+00   5.86877704e-01]
  [  4.11701411e-01  -1.64099383e+00  -1.56305361e+00 ...,  -1.39724290e+00
     9.41204429e-01   3.81020159e-01]
  ..., 
  [ -4.16448355e-01   7.12272465e-01  -6.28051472e+00 ...,  -2.57833123e+00
    -9.42831278e-01  -2.84442902e+00]
  [ -1.01637077e+00   1.06410432e+00  -5.70118093e+00 ...,  -2.92053580e+00
    -2.56029725e+00  -1.67112696e+00]
  [  9.31583583e-01   3.50335628e-01  -3.93268418e+00 ...,  -1.31138003e+00
    -1.93691409e+00   4.74561036e-01]]

 ..., 
 [[  1.70307052e+00  -1.91727829e+00  -8.83121416e-02 ...,  -1.07678449e+00
     2.07492137e+00  -5.30121744e-01]
  [ -8.54880571e-01   2.00121117e+00  -1.69048727e+00 ...,  -9.43176925e-01
     2.36283040e+00  -2.84608173e+00]
  [  1.25276399e+00   1.10468757e+00  -4.79120064e+00 ...,  -3.54895759e+00
    -6.86545253e-01  -3.69946182e-01]
  ..., 
  [  1.34430563e+00  -1.35931516e+00  -1.76227474e+00 ...,  -2.55336165e+00
    -8.63478541e-01   1.73237339e-01]
  [  9.86924648e-01  -3.99999797e-01  -3.57431674e+00 ...,   3.50752681e-01
     2.01191735e+00  -1.56006083e-01]
  [ -1.00960827e+00  -2.17585236e-01  -1.47156811e+00 ...,  -9.71844614e-01
     1.08956623e+00  -1.71916604e+00]]

 [[  9.58072841e-01  -5.48243701e-01  -1.15058291e+00 ...,   4.43453789e-01
     1.28961229e+00   5.30359685e-01]
  [  5.54834418e-02  -6.78167284e-01  -2.59908643e-02 ...,  -1.67508638e+00
     2.28549552e+00  -1.72152519e+00]
  [  6.05411828e-01   1.50864470e+00  -3.96010828e+00 ...,  -1.31210697e+00
     1.60468712e-01  -2.64795756e+00]
  ..., 
  [  1.15365827e+00   1.77796125e+00  -3.95387435e+00 ...,  -2.41476107e+00
     1.24682224e+00  -2.10620141e+00]
  [  1.92705464e+00   4.08481550e+00  -3.44610119e+00 ...,  -7.17206538e-01
     2.64167309e+00   3.25400084e-01]
  [ -5.41601144e-02   1.54097393e-01  -2.76509166e+00 ...,  -1.12700713e+00
     9.13818359e-01  -1.23327911e+00]]

 [[  4.18909550e-01   1.16219759e+00  -2.29781938e+00 ...,  -1.69537440e-01
     9.52328920e-01  -3.52323979e-01]
  [ -9.87505376e-01  -7.45293379e-01  -1.22505450e+00 ...,  -8.00028086e-01
     4.50575888e-01  -8.54240835e-01]
  [  4.74866062e-01   1.58842897e+00  -4.16351938e+00 ...,  -1.64612424e+00
     2.93216753e+00  -2.20832181e+00]
  ..., 
  [  1.19506180e-01  -6.61150396e-01  -3.27305555e+00 ...,  -3.59165978e+00
    -1.56740695e-01  -1.12785304e+00]
  [  2.38419890e+00   2.41715908e+00  -2.06616068e+00 ...,  -1.40448475e+00
     1.92028022e+00  -1.57830739e+00]
  [  6.15517199e-01   2.78714037e+00  -2.09380126e+00 ...,  -1.06532085e+00
     1.12804055e-01  -2.64155746e+00]]]
