[[[   690.59771729      0.              0.              0.              0.
        0.           6984.57226562      0.              0.          15489.953125
        0.              0.              0.            757.76281738]
  [     0.              0.              0.              0.              0.
        0.           7734.54248047      0.              0.           5058.35546875
        0.              0.              0.           4516.57519531]]

 [[  1358.53881836      0.              0.              0.              0.
        0.              0.              0.              0.           5587.83300781
        0.           3754.39770508      0.           5734.35644531]
  [     0.              0.              0.              0.              0.
        0.              0.              0.            308.88238525      0.
        0.           1025.18933105      0.           2604.37060547]]]
