[[[ -2.81777215e+00  -3.34223511e+02  -1.65464890e+02  -3.96556915e+02
    -2.12543228e+02  -2.95105225e+02   9.28511810e+01  -1.88412125e+02
    -2.98622101e+02  -3.17033081e+02  -9.30518723e+01  -9.38274612e+01
    -4.34552979e+02  -2.98037506e+02]
  [ -4.17086792e+02  -5.25359619e+02   2.23289337e+02  -2.15179825e+02
    -3.17451263e+02  -5.26702209e+02  -7.03163605e+01  -1.35984344e+02
    -2.24647125e+02  -5.02741028e+02  -1.55660950e+02  -2.06944626e+02
    -8.53629456e+02  -4.35550690e+02]
  [ -2.77588318e+02  -6.45895447e+02   2.08355835e+02  -2.80973969e+02
    -3.30781219e+02  -3.95304626e+02  -2.91970093e+02   7.40636139e+01
    -5.21818726e+02  -4.56281433e+02  -1.71343979e+02  -2.96693604e+02
    -7.37319092e+02  -4.59448090e+02]
  [ -4.81019104e+02  -5.49878357e+02   2.13429016e+02  -3.88780365e+02
    -3.37324615e+02  -4.25451843e+02  -8.38706589e+01   1.03833076e+02
    -4.45545715e+02  -6.91568726e+02  -1.15547501e+02  -2.17704071e+02
    -5.42933105e+02  -4.93446655e+02]
  [ -3.87134857e+02  -6.48104431e+02   3.74642487e+02  -2.92058411e+02
    -5.00151123e+02  -5.22466736e+02  -9.56893234e+01   2.29071438e-01
    -6.37336609e+02  -6.13895142e+02  -2.30071243e+02  -1.97516373e+02
    -7.84686035e+02  -5.68541199e+02]
  [ -7.53146057e+01  -4.63098724e+02   3.48212982e+02  -5.19047119e+02
    -4.16280762e+02  -5.86691101e+02  -2.26917511e+02  -2.07739990e+02
    -5.60052429e+02  -6.53597046e+02  -3.23936890e+02  -4.74060089e+02
    -3.96984192e+02  -4.28921478e+02]
  [ -4.72970215e+02  -2.95889893e+02   2.42297516e+02  -9.33354126e+02
    -6.04318787e+02  -2.18126801e+02  -2.12136871e+02   8.79227524e+01
    -2.16820999e+02  -3.18364563e+02  -2.12641945e+01  -4.50701141e+02
    -3.84571106e+02  -2.30039185e+02]
  [ -9.47144104e+02  -5.49458069e+02   5.17661255e+02  -4.50462677e+02
    -6.02091797e+02  -1.00590370e+02  -2.94473114e+02   5.53925049e+02
    -3.60459167e+02  -1.36166321e+02   8.86752319e+00  -3.21282440e+02
    -6.03204102e+02   3.20050812e+01]]

 [[ -1.88901901e+02  -3.75537659e+02  -1.37412415e+02  -4.64160614e+02
    -1.63578415e+02  -2.01033722e+02  -3.18513546e+01  -5.01414612e+02
    -3.09435150e+02  -3.86974548e+02  -3.21725586e+02  -1.48652420e+02
    -5.08388977e+02  -2.70390320e+02]
  [ -4.98891815e+02  -4.75230530e+02   3.52551758e+02  -3.74107941e+02
    -4.38512787e+02  -1.57469406e+02  -2.43806580e+02  -4.25785370e+02
    -5.20235413e+02  -4.06266998e+02  -2.81355042e+02  -3.33331726e+02
    -1.04958948e+03  -2.26691208e+02]
  [ -5.52548950e+02  -5.69589722e+02   6.12118652e+02  -3.40440063e+02
    -4.36766174e+02  -1.83927872e+02  -5.05157196e+02  -2.17569794e+02
    -4.54024780e+02  -6.62310730e+02  -3.18129059e+02  -4.98893005e+02
    -9.09226990e+02  -4.14065704e+02]
  [ -5.97642334e+02  -8.02936951e+02   4.94137421e+02  -3.74157562e+02
    -3.60444000e+02  -2.33773712e+02  -2.66966431e+02  -8.34896774e+01
    -6.81310730e+02  -6.42799316e+02  -2.36871445e+02  -4.73441589e+02
    -7.39475159e+02  -6.03079773e+02]
  [ -4.74369598e+02  -7.45232422e+02   5.84710022e+02  -3.56992798e+02
    -5.51131531e+02  -2.03519028e+02  -2.15949692e+02  -3.00225189e+02
    -7.89910278e+02  -6.45520630e+02  -3.62864075e+02  -4.24382935e+02
    -6.85567383e+02  -4.27832428e+02]
  [ -5.02561981e+02  -7.12375427e+02   8.68824707e+02  -4.57325500e+02
    -6.05273560e+02  -1.51833649e+02  -7.16420532e+02  -8.03603699e+02
    -4.52442963e+02  -6.93352234e+02  -2.66456360e+02  -5.55196045e+02
    -6.04325623e+02  -3.64180298e+02]
  [ -3.65508453e+02  -8.68191772e+02   6.17236145e+02  -9.15519897e+02
    -4.93548553e+02  -3.82950439e+02  -4.53168396e+02  -5.94507690e+02
    -1.97419724e+02  -2.88956207e+02  -3.07218475e+02  -6.81338440e+02
    -4.29913391e+02  -4.12701477e+02]
  [ -4.78593048e+02  -6.72905640e+02   6.77028809e+02  -1.93015228e+02
    -3.05733948e+02  -5.22315430e+02  -3.42022736e+02  -2.39710712e+01
    -6.76975647e+02  -1.19654404e+02  -2.06884323e+02  -5.29574219e+02
    -3.43608032e+02  -1.23787132e+02]]

 [[ -4.77484833e+02  -4.99436554e+02  -3.09733521e+02  -3.37243073e+02
    -2.48045944e+02  -7.36598358e+01  -2.25262100e+02  -3.58739532e+02
    -5.71675720e+02  -6.47415039e+02  -1.74955795e+02  -1.99154251e+02
    -6.38194824e+02  -3.58873383e+02]
  [ -7.09611084e+02  -4.92556610e+02   6.84693069e+01  -3.68022888e+02
    -2.41759216e+02  -2.26008102e+02  -2.41725449e+02  -4.82452637e+02
    -6.43781189e+02  -8.72736267e+02  -4.16516785e+02  -5.37550476e+02
    -9.53539551e+02  -6.06229126e+02]
  [ -5.95035828e+02  -6.19634705e+02   4.49197662e+02  -2.63505951e+02
    -5.81117126e+02  -1.82514221e+02  -5.83276794e+02  -1.13723469e+01
    -9.23740417e+02  -7.08252014e+02  -5.00316406e+02  -7.92062683e+02
    -9.24155823e+02  -4.93555145e+02]
  [ -6.38159973e+02  -7.12981262e+02   5.11144165e+02  -2.68206543e+02
    -8.44252197e+02  -2.06674328e+01  -2.94919312e+02   2.80836456e+02
    -9.14476624e+02  -7.75754883e+02  -2.92368164e+02  -8.40750488e+02
    -9.80527710e+02  -6.58886719e+02]
  [ -7.72488281e+02  -8.80803345e+02   3.44971375e+02  -3.70748901e+02
    -6.02197083e+02  -2.23875977e+02  -3.89491211e+02  -6.13676491e+01
    -1.07015247e+03  -8.74437500e+02  -5.82431946e+02  -7.94886414e+02
    -8.90844849e+02  -6.61278442e+02]
  [ -4.87461517e+02  -8.32651367e+02   3.90630157e+02  -7.55971863e+02
    -4.88730621e+02  -9.76373444e+01  -8.34822754e+02  -5.78538246e+01
    -8.42095947e+02  -8.07886597e+02  -4.03738129e+02  -8.31105713e+02
    -8.02341980e+02  -5.65126465e+02]
  [ -3.32633026e+02  -7.23119507e+02   5.82864502e+02  -9.74701843e+02
    -8.90882629e+02  -2.07896011e+02  -5.66745178e+02  -4.18273834e+02
    -2.92496429e+02  -6.73978882e+02  -4.59351471e+02  -8.10525818e+02
    -6.23239197e+02  -4.05079254e+02]
  [ -6.35729309e+02  -5.70599121e+02   7.24707581e+02  -1.13497276e+01
    -5.20626282e+02  -5.63014099e+02  -2.09394821e+02   3.30594373e+00
    -4.60312225e+02  -2.48456512e+02  -4.54172546e+02  -9.19814148e+02
    -7.62814697e+02  -8.96710968e+00]]

 [[ -2.43996719e+02  -3.75052948e+02  -4.44575958e+02  -4.16215179e+02
    -2.75838257e+02   3.38925247e+01  -1.13389702e+02  -2.85892273e+02
    -6.07540649e+02  -7.41744934e+02  -1.91814056e+02  -8.64620514e+01
    -5.53708130e+02  -5.15269287e+02]
  [ -7.43091553e+02  -5.86858459e+02   7.96903000e+01  -3.65699493e+02
    -3.78725952e+02  -1.67219360e+02  -4.24826782e+02  -3.07076294e+02
    -5.77685120e+02  -9.43816162e+02  -5.18431152e+02  -4.10858154e+02
    -1.05213843e+03  -5.96280640e+02]
  [ -7.36825745e+02  -4.71506256e+02   1.31098755e+02  -3.10348785e+02
    -7.26073975e+02  -1.76933838e+02  -6.82126038e+02   1.92596680e+02
    -8.44710510e+02  -9.18625366e+02  -4.98243439e+02  -6.05583557e+02
    -8.71275330e+02  -6.07690857e+02]
  [ -6.66540039e+02  -5.78701050e+02   2.75294861e+02  -3.05060638e+02
    -7.84018188e+02  -8.97036438e+01  -4.11015991e+02   3.43967163e+02
    -8.33632019e+02  -1.05794055e+03  -2.50193985e+02  -6.77492615e+02
    -6.48439941e+02  -4.84445282e+02]
  [ -6.45850586e+02  -8.23572266e+02   3.04819244e+02  -2.39499252e+02
    -8.48972351e+02  -1.99663208e+02  -6.48855469e+02   1.04217407e+02
    -9.55536194e+02  -1.00281659e+03  -4.36205505e+02  -6.37966492e+02
    -8.93315735e+02  -5.21975952e+02]
  [ -6.24716187e+02  -7.90683533e+02  -5.03305855e+01  -5.99751465e+02
    -6.73114990e+02  -1.33729172e+02  -9.52347717e+02  -8.44041290e+01
    -1.02509839e+03  -9.47540833e+02  -6.49500854e+02  -8.20703613e+02
    -7.31067322e+02  -4.37589691e+02]
  [ -3.02439331e+02  -2.89180237e+02   3.16320190e+02  -1.08660657e+03
    -8.63723022e+02  -1.67377060e+02  -4.98393616e+02  -4.98163338e+01
    -4.19110901e+02  -1.03689795e+03  -3.66858398e+02  -7.67413818e+02
    -3.84174805e+02  -3.48940918e+02]
  [ -7.32706665e+02  -2.61583252e+02   4.05320007e+02  -1.87305847e+02
    -8.21571838e+02  -8.75624313e+01  -1.31392944e+02   3.18594147e+02
    -2.48420731e+02  -4.54143097e+02  -1.22331833e+02  -1.01260181e+03
    -5.85494141e+02  -1.75402664e+02]]

 [[ -1.01838257e+02  -6.02834839e+02  -5.10677582e+02  -3.61803741e+02
    -1.81990433e+02  -1.03287521e+02  -1.58199539e+02  -3.74573608e+02
    -6.11042480e+02  -7.41177917e+02  -3.09621735e+02  -2.82339569e+02
    -8.06572388e+02  -4.82382660e+02]
  [ -3.98072235e+02  -4.88346008e+02   3.47076683e+01  -2.79775085e+02
    -5.27064819e+02  -1.78747894e+02  -5.30834961e+02  -2.83640900e+02
    -6.83716064e+02  -1.05803235e+03  -3.00469666e+02  -5.37525146e+02
    -1.16832947e+03  -6.72778748e+02]
  [ -6.62882690e+02  -5.89382874e+02   1.24521507e+02  -1.59937454e+02
    -4.84345184e+02  -1.89959793e+02  -6.09559692e+02   1.98664169e+02
    -7.28244873e+02  -1.05543799e+03  -3.75203979e+02  -8.13658936e+02
    -9.69367188e+02  -7.23640686e+02]
  [ -7.26040344e+02  -6.75521179e+02   1.00091759e+02  -1.69968414e+02
    -4.87666840e+02   3.51673770e+00  -3.99119446e+02   2.89274445e+02
    -7.79609985e+02  -1.22045483e+03  -8.63809509e+01  -9.55273376e+02
    -9.86986877e+02  -8.03798462e+02]
  [ -3.57263153e+02  -8.96198303e+02   2.36990250e+02  -6.21032829e+01
    -8.36290100e+02  -7.57529602e+01  -6.12284180e+02   2.28442398e+02
    -1.02449658e+03  -1.30230920e+03  -1.57139999e+02  -5.37296326e+02
    -8.69523376e+02  -9.34453796e+02]
  [ -4.53460907e+02  -9.04451294e+02   3.91768677e+02  -4.42650970e+02
    -5.08975098e+02  -2.60102020e+02  -8.28559937e+02  -1.37410461e+02
    -7.58989868e+02  -1.28083728e+03  -4.36404846e+02  -8.95803528e+02
    -8.76928894e+02  -5.70267944e+02]
  [ -4.58696289e+02  -3.52139374e+02   3.46358673e+02  -9.96896118e+02
    -7.98725830e+02  -3.07542389e+02  -4.70317566e+02  -3.08653015e+02
    -1.74165878e+02  -1.14444031e+03  -5.13112183e+02  -1.23998035e+03
    -6.63622375e+02  -4.30775543e+02]
  [ -7.23814026e+02  -3.41114288e+02   4.08447083e+02  -1.53244995e+02
    -7.44431091e+02  -2.46457825e+02  -2.22143650e+01   3.74049011e+02
    -5.13381104e+02  -6.03757874e+02  -1.33172775e+02  -1.11821021e+03
    -6.84579651e+02  -1.78735504e+02]]

 [[ -1.61428131e+02  -4.31802338e+02  -2.73935272e+02  -4.49114777e+02
    -2.32736923e+02  -1.55225937e+02  -1.22106918e+02  -2.82940338e+02
    -6.75711121e+02  -5.45321960e+02  -1.29885208e+02  -1.10709518e+02
    -7.38800659e+02  -3.97542908e+02]
  [ -6.52170166e+02  -5.26874451e+02   2.13899048e+02  -3.08930878e+02
    -2.65998627e+02  -2.93049164e+02  -3.44535889e+02  -3.48154724e+02
    -6.53885925e+02  -7.96650146e+02  -2.46361984e+02  -3.19056000e+02
    -9.04256165e+02  -7.38770874e+02]
  [ -4.62753510e+02  -4.66122711e+02   6.13588257e+01  -2.63896423e+02
    -3.15254242e+02  -1.75769623e+02  -4.19266174e+02   7.31538391e+01
    -5.55032837e+02  -8.05570801e+02  -2.21553146e+02  -7.29456421e+02
    -1.01055804e+03  -6.70297363e+02]
  [ -4.64050446e+02  -6.36897095e+02   2.33381180e+02  -2.47355087e+02
    -6.17918823e+02  -2.29102463e+02  -2.49203079e+02   2.98120605e+02
    -7.13246948e+02  -9.90376343e+02  -1.08088446e+01  -6.56835022e+02
    -8.94228149e+02  -7.72645630e+02]
  [ -5.66336121e+02  -8.87559875e+02   2.58944214e+02  -1.11471243e+01
    -6.20534546e+02  -7.82444458e+01  -3.62834686e+02   7.45645981e+01
    -9.69855469e+02  -1.01278284e+03  -3.17219635e+02  -4.52610596e+02
    -8.90842468e+02  -1.02686365e+03]
  [ -5.10577301e+02  -7.19959351e+02  -6.74495173e+00  -3.91530579e+02
    -3.61617767e+02   6.89560165e+01  -5.77775696e+02  -1.04437653e+02
    -5.48564331e+02  -1.26160901e+03  -3.19165619e+02  -6.91831421e+02
    -7.67912476e+02  -7.25986389e+02]
  [ -3.95272400e+02  -4.87411011e+02   3.17587646e+02  -9.35001221e+02
    -1.02098413e+03  -2.01983368e+02  -4.47488068e+02  -3.07417114e+02
    -2.91108337e+02  -1.10505713e+03  -4.49993835e+02  -8.95572205e+02
    -3.97016052e+02  -4.62168549e+02]
  [ -7.31276611e+02  -5.15120667e+02   5.51299133e+02  -1.45981766e+02
    -6.14387024e+02  -3.10205292e+02  -1.69580856e+02   8.76338654e+01
    -5.93040161e+02  -6.68647400e+02  -3.71682434e+02  -9.35579041e+02
    -6.43401550e+02  -2.80804810e+02]]

 [[ -3.01862579e+02  -3.35750061e+02  -9.19680023e+01  -3.17560425e+02
     5.62755775e+01   8.06920166e+01  -9.40223389e+01  -1.94024048e+02
    -6.69323425e+02  -3.43936920e+02  -3.40993927e+02   1.24234886e+02
    -4.62669159e+02  -2.09918457e+02]
  [ -4.95856140e+02  -4.82385132e+02   2.48129135e+02  -9.72037888e+01
    -2.23298141e+02  -2.15013905e+01  -2.30700714e+02  -7.11441116e+01
    -6.66792542e+02  -5.52697754e+02  -5.12034058e+02  -7.13872604e+01
    -5.30505981e+02  -1.75999786e+02]
  [ -4.36212524e+02  -5.70258484e+02  -6.80532532e+01  -9.05025711e+01
    -1.90476990e+02   1.50224472e+02  -4.82657684e+02   1.81813629e+02
    -4.75581757e+02  -6.95131653e+02  -5.17658386e+02  -3.50568848e+02
    -6.09944824e+02  -3.79816101e+02]
  [ -3.88513306e+02  -6.97565247e+02   6.35496025e+01  -8.13595276e+01
    -3.31122070e+02   8.03090515e+01  -3.18179688e+02   3.63552124e+02
    -6.52138062e+02  -8.61812073e+02  -4.19263641e+02  -1.48436417e+02
    -4.92347443e+02  -3.69702026e+02]
  [ -3.40129211e+02  -7.70275635e+02   1.45159622e+02   3.86370392e+01
    -2.91303802e+02   3.91869232e+02  -5.57439087e+02   2.25193878e+02
    -6.97430420e+02  -1.03287610e+03  -5.43693970e+02  -1.08109970e+02
    -6.00817993e+02  -3.41263550e+02]
  [ -5.17809448e+02  -7.54353394e+02  -2.00480499e+02  -4.05771667e+02
    -2.15526703e+02   4.71546143e+02  -8.94591980e+02   7.03080521e+01
    -5.33902039e+02  -1.18210107e+03  -7.67958923e+02  -2.91249176e+02
    -2.42832611e+02  -3.65744690e+02]
  [ -3.27982361e+02  -8.03272766e+02   1.16902054e+02  -7.81941772e+02
    -6.58314758e+02   5.44756088e+01  -5.72972717e+02   1.09725967e+02
    -5.01721710e+02  -9.50289917e+02  -4.17997559e+02  -2.35417953e+02
    -1.10960007e+02  -4.55048676e+02]
  [ -4.26368256e+02  -8.02257446e+02   2.55054260e+02  -1.25885696e+01
    -5.41414246e+02   4.13462257e+01  -1.84321945e+02   3.04504578e+02
    -3.20947296e+02  -7.28196655e+02  -1.13779839e+02  -4.57773438e+02
    -4.88041687e+02  -2.04102066e+02]]

 [[ -4.14535706e+02  -1.92738678e+02   1.78380871e+01   3.49752350e+01
     2.72009850e+01   2.34363892e+02  -2.81545868e+02  -2.43713028e+02
    -3.72750366e+02  -4.32381256e+02  -3.10727661e+02  -1.43979769e+01
    -2.83615143e+02  -5.68743515e+01]
  [ -4.20989746e+02  -2.12513657e+02   6.29587173e+01   1.03665512e+02
    -1.70441681e+02   3.35275696e+02  -3.88088104e+02  -2.27581757e+02
    -6.16001282e+02  -4.98756836e+02  -7.08000305e+02  -2.22578949e+02
    -2.70086792e+02  -9.92587128e+01]
  [ -4.39809357e+02  -2.43861404e+02   4.14543495e+01   1.66870605e+02
    -2.01331711e+02   2.25200424e+02  -7.01850830e+02   7.16801376e+01
    -4.88827362e+02  -6.56396545e+02  -6.54893127e+02  -3.91570343e+02
    -3.35391571e+02  -1.18519325e+02]
  [ -4.52436279e+02  -2.53777374e+02   1.05499580e+02   2.26807327e+02
    -4.95764923e+02   2.13377121e+02  -4.28687988e+02   2.43694656e+02
    -3.93023163e+02  -6.64449463e+02  -5.84187378e+02  -4.71376770e+02
    -3.53800262e+02  -1.04360535e+02]
  [ -4.18915253e+02  -4.33384277e+02   3.76957741e+01   8.95675735e+01
    -3.16236359e+02   4.00089813e+02  -6.94221069e+02   1.37182465e+02
    -6.99061646e+02  -7.20444397e+02  -8.20297607e+02  -6.62381470e+02
    -3.99512634e+02  -2.26150604e+02]
  [ -5.57702942e+02  -5.39596252e+02   6.05702209e+01  -8.11074753e+01
    -2.15542908e+02   4.44418579e+02  -1.08084070e+03  -2.59404678e+01
    -8.01988525e+02  -6.57307983e+02  -7.99353516e+02  -6.80237610e+02
    -4.06484985e+02  -7.52871780e+01]
  [ -3.47322876e+02  -5.66132202e+02   2.79960205e+02  -2.25583023e+02
    -5.79913147e+02  -7.99791870e+01  -6.67533997e+02  -2.31722397e+02
    -5.88631592e+02  -3.34937744e+02  -6.89338806e+02  -5.73014160e+02
    -3.19759460e+02  -7.52228088e+01]
  [ -1.41425232e+02  -2.64124603e+02   1.62867249e+02   2.72388115e+01
    -2.05498001e+02  -1.45425720e+02  -1.39280884e+02  -2.13864231e+01
    -3.76836334e+02  -4.59074097e+02  -5.29528687e+02  -6.96531921e+02
    -3.42562134e+02  -3.07141144e+02]]]
