[[[  0.           0.           0.         ...,   0.          11.4510622
     0.        ]
  [  9.07362843   0.           0.         ...,   0.           5.28009701
     0.        ]
  [  0.           0.           0.         ...,   0.           5.67602682
     0.        ]
  ..., 
  [  0.           0.           0.         ...,   0.          13.1267395
     0.        ]
  [  0.          28.27728844   0.65539891 ...,   0.          17.35484314
     0.        ]
  [ 15.10845375   0.           0.         ...,   0.           8.99520779
     0.        ]]

 [[  0.           0.           0.         ...,   0.          26.98335648
     0.        ]
  [  0.           0.           0.         ...,   0.          32.36492157
     0.        ]
  [  0.           0.           0.         ...,   0.          26.55921364
     0.        ]
  ..., 
  [  0.           0.           0.         ...,   0.          17.81243896
     0.        ]
  [  0.          25.19672203   0.         ...,   0.          20.44669151
     0.        ]
  [  0.10241146   0.           0.         ...,   0.           9.46516418
     0.        ]]

 [[  0.           0.           0.         ...,   0.           2.59404421
     0.        ]
  [  0.           0.           0.         ...,   0.          16.72703171
     0.        ]
  [  0.           0.           0.         ...,   0.          14.96493721
     0.        ]
  ..., 
  [  0.           0.           0.         ...,   0.          18.1511879
     0.        ]
  [  9.44958591  29.91883659   0.         ...,   0.          28.35589218
     0.        ]
  [ 18.21358871   1.72440469   0.         ...,   0.          15.12107849
     0.        ]]

 ..., 
 [[  0.           0.           0.         ...,   0.          15.16907406
     0.        ]
  [  0.           0.           0.         ...,   0.          14.26112461
     0.        ]
  [  0.           0.           0.         ...,   0.          11.67692089
     0.        ]
  ..., 
  [  0.           0.           0.         ...,   0.          13.47189903
     0.        ]
  [  9.45094585  13.20619392   0.         ...,   0.          39.32773209
     0.        ]
  [ 19.84588623   0.           0.         ...,   0.          34.53756714
     0.        ]]

 [[  0.           0.           0.         ...,   0.           0.           0.        ]
  [  0.           0.           0.         ...,   0.           0.           0.        ]
  [  0.          15.23308182   0.         ...,   0.           2.55337715
     0.        ]
  ..., 
  [  0.           0.           0.         ...,   0.           9.33361435
     0.        ]
  [ 18.8045578    7.47819567  12.7486763  ...,  18.92227554  40.49133301
     0.        ]
  [ 14.31424522  17.7657299    0.         ...,  10.42169857  22.12849617
     0.        ]]

 [[  0.           0.           0.         ...,   0.           0.           0.        ]
  [  4.98800516   0.           0.         ...,   0.           9.50172234
     0.        ]
  [  1.34320676   0.           0.         ...,   0.           4.88619661
     0.        ]
  ..., 
  [  0.           0.           0.         ...,   8.55742073   4.94203901
     0.        ]
  [ 15.55487537   0.           0.         ...,  27.26823616  25.51307678
    19.14271355]
  [ 16.26594353   0.           0.         ...,   8.70032692  19.89550781
    31.84011841]]]
