[[[    0.             0.             0.             0.             0.
       0.             0.             0.             0.             0.
     554.32012939     0.             0.             0.        ]
  [    0.             0.             0.             0.             0.
       0.             0.             0.           344.28735352     0.
     206.44984436     0.             0.             0.        ]
  [ 2498.61987305     0.             0.             0.             0.
       0.             0.             0.          1121.10876465
    1054.31616211   798.10601807     0.             0.             0.        ]
  [ 2166.46533203     0.             0.             0.          1388.87231445
       0.             0.           610.92053223   979.12561035
    1858.54223633   501.89758301     0.          1245.63366699     0.        ]]

 [[    0.             0.             0.             0.             0.
       0.           734.88745117     0.             0.             0.
       0.             0.           153.35748291     0.        ]
  [ 1378.85290527     0.             0.             0.             0.
       0.          1312.99267578     0.             0.           145.2350769
       0.             0.          1461.43518066     0.        ]
  [ 1955.82373047     0.             0.             0.             0.
       0.          1048.32800293     0.             0.             0.
       0.             0.           953.59765625     0.        ]
  [ 1495.83642578     0.             0.             0.           803.19458008
       0.           908.85955811   109.96514893     0.          1316.02612305
     294.44418335     0.           516.45812988     0.        ]]

 [[    0.             0.             0.             0.             0.
       0.          1632.6072998      0.             0.           780.98303223
       0.             0.           546.81359863     0.        ]
  [    0.             0.             0.             0.             0.
       0.          2158.25610352     0.             0.          1262.13989258
     368.37680054     0.          2073.09716797     0.        ]
  [    0.             0.             0.             0.             0.
       0.          2922.06860352     0.             0.          2132.33911133
    1484.23986816     0.           845.15039062     0.        ]
  [    0.             0.             0.             0.          1395.46606445
       0.          2271.80419922     0.             0.          1135.42663574
    2599.046875       0.          1113.04382324     0.        ]]

 [[    0.             0.             0.             0.             0.
       0.             0.             0.             0.             0.
       0.             0.           324.36618042     0.        ]
  [    0.             0.             0.             0.             0.
       0.          1253.96716309     0.             0.           438.85488892
     102.18672943     0.          1051.44689941     0.        ]
  [    0.             0.             0.             0.             0.
       0.          2439.33447266     0.             0.          1314.18127441
    1094.20166016     0.            26.9600563      0.        ]
  [    0.             0.             0.             0.           937.38568115
       0.          2570.48999023     0.             0.           884.5133667
    1352.63293457     0.           645.57513428     0.        ]]]
