[[[  0.           0.           0.         ...,   0.           0.25533074
     0.        ]
  [  0.           0.           0.         ...,   0.           3.48637724
     0.        ]
  [  0.           5.02082062   0.         ...,   0.          13.76296711
     0.        ]
  ..., 
  [  0.           0.           0.         ...,   0.          25.51699638
     0.        ]
  [ 11.1000843   43.43320084   0.         ...,   0.           1.09008861
     0.        ]
  [  9.98333645   0.           0.         ...,   0.           8.21424389
     0.        ]]

 [[  0.           0.           0.         ...,   0.          19.00144196
     0.        ]
  [  0.           0.           0.         ...,   0.          11.22175598
     0.        ]
  [  0.           0.           0.         ...,   0.          14.99223518
     0.        ]
  ..., 
  [  0.           0.           0.         ...,   0.          21.30405807
     0.        ]
  [  2.33981252  55.28656006   0.         ...,   0.          12.19655037
     0.        ]
  [  9.0087986    0.           0.         ...,   0.           7.52182579
     0.        ]]

 [[  0.           0.           0.         ...,   0.           8.88817596
     0.        ]
  [ 15.75321865   0.           0.         ...,   0.          19.86561584
     0.        ]
  [  0.           0.           0.         ...,   0.          13.80681324
     0.        ]
  ..., 
  [  0.           0.           0.         ...,   0.          19.65715027
     0.        ]
  [  3.64933276  38.25085068   0.         ...,   0.          39.87483978
     0.        ]
  [ 14.76600266   0.           0.         ...,   0.          33.7875824
     0.        ]]

 ..., 
 [[  0.           0.           0.         ...,   0.           9.16861248
     0.        ]
  [  0.06265553   0.           0.         ...,   0.          10.53020191
     0.        ]
  [  0.           0.           0.         ...,   0.           0.           0.        ]
  ..., 
  [  0.           0.           0.         ...,   0.          19.1604557
     0.        ]
  [  1.06054044  43.03525162   0.         ...,   0.          37.81259537
     0.        ]
  [ 12.74590588   0.           0.         ...,   0.          31.2173233
     0.        ]]

 [[  0.           0.           0.         ...,   0.           4.79747438
     0.        ]
  [  0.           0.           0.         ...,   0.           0.           0.        ]
  [  0.           7.60575438   0.         ...,   0.           0.           0.        ]
  ..., 
  [  0.           0.98112208   0.         ...,   0.           9.72105598
     0.        ]
  [  0.          39.19886017  18.32878113 ...,   1.34321296  36.71706009
     0.        ]
  [  9.25758743  13.72015762   0.94977933 ...,   0.          11.47908688
     0.        ]]

 [[  0.           0.           0.         ...,   0.           8.74143982
     0.        ]
  [  0.           0.           0.         ...,   0.           0.           0.        ]
  [  0.          20.87850571   0.         ...,   0.           0.55365968
     0.        ]
  ..., 
  [  0.          11.74497318   0.         ...,   0.           7.02440596
     0.        ]
  [ 18.86959839  19.99318314  16.49403572 ...,  33.13271713  36.0459137
     0.        ]
  [ 25.17086792   8.55121803   0.         ...,  13.57971191  18.58525276
     8.31048012]]]
