[[[  0.           0.           0.         ...,   0.          22.52154541
     0.        ]
  [  7.15845156   0.           0.         ...,   0.           0.           0.        ]
  [  0.           0.           0.         ...,   0.           0.           0.        ]
  ..., 
  [  0.           2.50249052   0.         ...,   0.          12.36127853
     0.        ]
  [  0.74257004  63.57601929  12.00915337 ...,   0.          10.21734142
     0.        ]
  [  9.33300781   8.05039024   0.         ...,   0.          13.89358711
     0.        ]]

 [[  0.           0.30515105   0.         ...,   0.          43.00419617
     0.        ]
  [ 12.15439224   0.           0.         ...,   0.          21.18668556
     0.        ]
  [  0.           0.           0.         ...,   0.          11.85239697
     0.        ]
  ..., 
  [  0.           0.           0.         ...,   0.          20.45772743
     0.        ]
  [ 14.14103985  58.46320343   0.         ...,   0.          22.8390007
     0.        ]
  [ 11.39062119   0.           0.         ...,   0.          21.92813492
     0.        ]]

 [[  0.           0.           0.         ...,   0.           8.69687557
     0.        ]
  [ 17.30981064   0.           0.         ...,   0.           4.325881     0.        ]
  [  0.           0.           0.         ...,   0.           0.           0.        ]
  ..., 
  [  0.           0.           0.         ...,   0.          14.3989172
     0.        ]
  [  5.7780261   57.14634323   0.         ...,   0.          51.93588257
     0.        ]
  [ 35.70570374   0.55015272   0.         ...,   0.          49.1222229
     0.        ]]

 ..., 
 [[  0.           0.           0.         ...,   0.          22.06200981
     0.        ]
  [  2.07406187   0.           0.         ...,   0.          31.84721756
     0.        ]
  [  4.83200598   0.           0.         ...,   0.           0.           0.        ]
  ..., 
  [  0.           0.           0.         ...,   0.           1.73776221
     0.        ]
  [  0.          32.67789841   0.         ...,   0.          36.7660675
     0.        ]
  [ 13.26560974   0.           0.         ...,   0.          29.93235588
     0.        ]]

 [[  0.           0.           0.         ...,   0.          23.83565712
     0.        ]
  [  0.           0.           0.         ...,   0.           0.           0.        ]
  [  0.          11.24637508   0.         ...,   0.           0.           0.        ]
  ..., 
  [  0.          11.2348032    0.         ...,   0.           0.           0.        ]
  [  0.          41.97590637  29.70162964 ...,   0.          32.94468307
     0.        ]
  [  1.28771436   9.48683548   2.55688453 ...,   0.           4.35286427
     0.        ]]

 [[  4.01593971   0.           0.         ...,   0.          13.83935833
     0.        ]
  [  0.           0.           0.         ...,   0.           0.           0.        ]
  [  0.          16.13293648   0.         ...,   0.           0.           0.        ]
  ..., 
  [ 13.25222778  23.99033737   0.         ...,   0.           5.37680197
     0.        ]
  [ 34.77664185  24.5457325   24.55014229 ...,  27.34839439  31.81841278
     0.        ]
  [ 24.70890045   8.4402132    0.         ...,  14.62761879  17.09607887
    11.6977129 ]]]
