[[[  6.71378403e+01  -2.23282532e+02  -2.38794373e+02  -4.01008881e+02
    -2.36406342e+02  -2.84950348e+02   1.49475922e+02  -3.10857300e+02
    -3.65894897e+02  -1.98319809e+02  -1.99604462e+02  -1.90909805e+01
    -3.77507812e+02  -3.00807251e+02]
  [ -2.15292221e+02  -4.06072357e+02   4.34081917e+01  -3.26365234e+02
    -1.64005432e+02  -3.94397034e+02  -1.16929379e+01  -2.40187485e+02
    -2.22255905e+02  -1.92343262e+02  -1.70358505e+02  -2.08251328e+02
    -6.47139160e+02  -4.76744629e+02]
  [ -2.61115448e+02  -4.48871826e+02   3.44182892e+02  -4.00487549e+02
    -3.46402802e+02  -3.26102905e+02  -1.06482132e+02  -5.98344650e+01
    -4.33167969e+02  -4.49145599e+02  -1.20348221e+02  -2.19951126e+02
    -5.89684509e+02  -4.99198334e+02]
  [ -3.04479980e+02  -4.81596771e+02   3.11532440e+02  -4.28603760e+02
    -3.55922089e+02  -1.73727188e+02  -1.16244041e+02   4.12060589e-01
    -4.59156158e+02  -3.94332214e+02  -1.02637138e+02  -2.52823257e+02
    -5.81024902e+02  -5.60398010e+02]
  [ -1.43281250e+02  -5.89789795e+02   2.86503876e+02  -3.25421326e+02
    -2.21137543e+02  -3.74801270e+02   1.98931007e+01  -7.26087570e+01
    -4.75254974e+02  -4.28138580e+02  -2.14411057e+02  -2.46972290e+02
    -4.74986633e+02  -5.16383789e+02]
  [ -7.57609100e+01  -4.31100616e+02   3.60842621e+02  -5.09206207e+02
    -2.12727219e+02  -4.24396149e+02  -1.17987839e+02  -2.38454102e+02
    -4.20525757e+02  -5.24602966e+02  -2.07584457e+02  -4.59170288e+02
    -4.30850739e+02  -4.54891724e+02]
  [ -2.77844635e+02  -3.12678040e+02   1.36519150e+02  -8.35999878e+02
    -4.79901215e+02  -7.16466904e+01  -1.23838318e+02  -1.59470200e+02
    -9.40752029e+01  -2.85197021e+02  -9.36717072e+01  -4.19731781e+02
    -4.02990387e+02  -3.88923126e+02]
  [ -6.60779785e+02  -3.68111908e+02   4.34566803e+02  -3.71217010e+02
    -4.14155609e+02  -1.35835709e+02  -4.52061386e+01   3.66110748e+02
    -3.37637360e+02  -1.16307060e+02  -1.37758064e+01  -3.64064178e+02
    -4.99198364e+02  -7.14666672e+01]]

 [[ -1.30347427e+02  -2.82940033e+02  -2.28091011e+01  -3.98791992e+02
    -2.73414001e+02  -6.00287018e+01  -9.15534592e+01  -4.18755463e+02
    -3.70046356e+02  -1.84755051e+02  -3.00353333e+02  -1.25928452e+02
    -5.37845764e+02  -3.85837128e+02]
  [ -5.00332672e+02  -4.70291016e+02   2.39027008e+02  -3.07011566e+02
    -3.44429840e+02  -9.30781784e+01  -3.80404480e+02  -3.84080963e+02
    -3.21295563e+02  -2.96668945e+02  -3.24341736e+02  -3.49965607e+02
    -7.61929626e+02  -5.60552124e+02]
  [ -3.37174469e+02  -4.72229675e+02   3.62987244e+02  -2.62712006e+02
    -5.06454193e+02  -1.44794331e+01  -4.56322937e+02  -9.42263641e+01
    -4.73367706e+02  -4.28796173e+02  -2.12661194e+02  -4.26787201e+02
    -6.93124451e+02  -6.29113708e+02]
  [ -2.91804901e+02  -5.12729980e+02   4.42090820e+02  -2.19631149e+02
    -4.09387573e+02   1.96616542e+00  -4.24054108e+02  -1.26066322e+02
    -5.22909607e+02  -4.38408905e+02  -1.32691803e+02  -4.99538727e+02
    -6.12078918e+02  -6.82566101e+02]
  [ -3.70863678e+02  -6.31606201e+02   4.76243927e+02  -1.48371201e+02
    -3.82106567e+02  -8.44089584e+01  -3.84897064e+02  -3.03175049e+02
    -4.69952301e+02  -4.89087402e+02  -1.76685852e+02  -4.35350830e+02
    -6.75269165e+02  -7.80303040e+02]
  [ -3.10876495e+02  -5.76280273e+02   3.18723663e+02  -3.72029846e+02
    -4.01746582e+02  -5.49222641e+01  -5.26511108e+02  -5.21350525e+02
    -3.16447235e+02  -4.04582123e+02  -2.86775360e+02  -6.40692322e+02
    -5.69892090e+02  -7.09073730e+02]
  [ -2.08756561e+02  -4.55761292e+02   3.59206635e+02  -7.45028748e+02
    -5.60962341e+02  -2.65607941e+02  -4.64231506e+02  -5.53345032e+02
    -7.52810898e+01  -3.50725037e+02  -2.21116562e+02  -6.66046570e+02
    -2.72978455e+02  -4.66564117e+02]
  [ -5.02493988e+02  -4.32736176e+02   6.27457642e+02  -1.75202316e+02
    -4.05939026e+02  -2.87870941e+02  -3.68068512e+02  -1.44701828e+02
    -4.49447662e+02  -7.63200531e+01  -2.07046616e+02  -5.84331360e+02
    -3.95357758e+02  -1.87752274e+02]]

 [[ -2.32058212e+02  -4.26164856e+02  -1.63229019e+02  -3.57952240e+02
    -2.19695770e+02  -7.57979126e+01  -1.53370743e+02  -2.42429962e+02
    -7.35516418e+02  -4.55756073e+02  -3.14782867e+02  -5.57292824e+01
    -7.39217346e+02  -3.09275055e+02]
  [ -3.79152039e+02  -3.05449097e+02   1.15925812e+02  -2.50901672e+02
    -3.93605438e+02  -8.97282791e+01  -3.21774261e+02  -1.52579895e+02
    -6.03020630e+02  -5.16815247e+02  -2.24761292e+02  -3.54518127e+02
    -8.25048218e+02  -4.60078186e+02]
  [ -2.29819412e+02  -3.18973694e+02   2.09451096e+02  -3.08109161e+02
    -5.66932495e+02   1.74859238e+00  -4.80368561e+02   1.84588013e+02
    -6.67447754e+02  -7.35509460e+02  -4.01231110e+02  -6.14350098e+02
    -7.66383606e+02  -5.95771362e+02]
  [ -2.48164627e+02  -4.70921753e+02   1.45503296e+02  -2.37354980e+02
    -4.46424500e+02  -2.31559486e+01  -4.07328735e+02   2.16857025e+02
    -6.97955139e+02  -5.74878601e+02  -2.14282074e+02  -6.29193481e+02
    -7.21741028e+02  -5.92116638e+02]
  [ -2.38995651e+02  -5.84674805e+02   1.58937805e+02  -1.63098511e+02
    -5.18451355e+02   3.56068420e+01  -4.65635284e+02   2.11992615e+02
    -7.79037109e+02  -6.90115173e+02  -3.01667572e+02  -5.08874176e+02
    -8.25693054e+02  -6.70813782e+02]
  [ -2.92806152e+02  -5.79566528e+02   1.33443954e+02  -4.70169678e+02
    -3.30437927e+02  -8.57926788e+01  -5.84681824e+02  -1.05186966e+02
    -7.37605347e+02  -8.09382080e+02  -4.26978943e+02  -5.83824890e+02
    -6.34684692e+02  -6.96963379e+02]
  [ -2.06834167e+02  -3.72243408e+02   2.64749542e+02  -8.50641724e+02
    -5.98413452e+02  -1.41303925e+02  -4.73129303e+02  -2.15558716e+02
    -3.07805542e+02  -6.28891479e+02  -4.23867889e+02  -7.05109680e+02
    -3.15710388e+02  -5.12910645e+02]
  [ -4.75078949e+02  -3.87851593e+02   4.45319244e+02  -2.07869751e+02
    -5.77819763e+02  -1.93484375e+02  -8.14559326e+01   1.92237640e+02
    -2.92701050e+02  -3.70485565e+02  -2.00272812e+02  -7.98398376e+02
    -4.42970612e+02  -2.37429214e+02]]

 [[ -1.48927734e+02  -3.05735352e+02  -1.87465485e+02  -2.96456879e+02
    -2.33271774e+02  -1.21814865e+02  -1.66839432e+02  -2.79981537e+02
    -6.33840698e+02  -5.64715576e+02  -2.39170929e+02  -6.63156357e+01
    -7.13290955e+02  -3.40190521e+02]
  [ -4.60591858e+02  -3.26518036e+02   8.43591022e+00  -2.77163055e+02
    -3.41216553e+02  -5.23372269e+01  -2.95670776e+02  -2.08903381e+02
    -5.59179626e+02  -6.27494812e+02  -3.26816467e+02  -3.60032501e+02
    -7.82766235e+02  -4.28703674e+02]
  [ -2.91088043e+02  -3.12301849e+02   1.58117416e+02  -3.05830597e+02
    -6.95868958e+02   3.17705078e+01  -4.32694061e+02   1.64464920e+02
    -5.47833130e+02  -6.95191223e+02  -3.21660706e+02  -5.94150696e+02
    -8.88935181e+02  -4.89161774e+02]
  [ -3.71667084e+02  -4.87622711e+02   1.32715591e+02  -2.22559647e+02
    -6.47076294e+02   7.84984894e+01  -5.32232605e+02   2.60191406e+02
    -6.50476868e+02  -7.00170837e+02  -1.29375580e+02  -6.40411621e+02
    -8.12267395e+02  -5.69944458e+02]
  [ -2.50728729e+02  -5.77113647e+02   1.06429703e+02  -1.68020432e+02
    -6.03572144e+02   7.64125872e+00  -5.24322876e+02   1.89449127e+02
    -7.70759094e+02  -9.08921143e+02  -3.91915405e+02  -6.21085266e+02
    -8.04198608e+02  -6.05060974e+02]
  [ -2.49626755e+02  -5.64504822e+02   2.21765594e+02  -3.94359802e+02
    -4.50186920e+02  -3.69556274e+01  -7.02270386e+02  -7.05966949e+01
    -7.08898010e+02  -8.09715942e+02  -3.12100311e+02  -7.36395020e+02
    -7.59024414e+02  -5.95702087e+02]
  [ -4.08129791e+02  -2.00023560e+02   2.31639328e+02  -8.24829590e+02
    -6.72288696e+02  -1.48101334e+02  -4.88176788e+02  -2.33814102e+02
    -2.94406555e+02  -5.22530640e+02  -3.63640564e+02  -8.10661133e+02
    -3.97331451e+02  -4.54462097e+02]
  [ -5.44570496e+02  -2.71163177e+02   3.74881226e+02  -1.84400299e+02
    -5.34930237e+02  -1.97373276e+02  -9.65402069e+01   1.50229843e+02
    -3.55315399e+02  -3.12143768e+02  -1.88367081e+02  -8.13925415e+02
    -4.98535797e+02  -2.44764191e+02]]

 [[ -9.51046600e+01  -3.22374603e+02  -2.20258240e+02  -3.49008423e+02
    -2.11994308e+02  -8.11414108e+01  -1.12059151e+02  -3.19967926e+02
    -5.28346375e+02  -5.16038208e+02  -2.70801361e+02  -6.16417084e+01
    -6.68414612e+02  -3.59397675e+02]
  [ -4.55608521e+02  -3.30024445e+02   3.51835442e+01  -3.11950745e+02
    -2.81441376e+02  -1.67779861e+02  -2.45013214e+02  -2.71740356e+02
    -5.14514343e+02  -5.11987183e+02  -2.67497498e+02  -4.48097870e+02
    -8.86771057e+02  -3.73690460e+02]
  [ -1.97105301e+02  -4.61583862e+02   2.05940582e+02  -3.17678375e+02
    -6.11780396e+02  -1.10457047e+02  -4.73502808e+02   7.57923813e+01
    -5.71017822e+02  -6.86787781e+02  -1.20724014e+02  -6.14152588e+02
    -8.34798218e+02  -6.06008118e+02]
  [ -2.77693451e+02  -6.11835876e+02   1.86584595e+02  -2.77712555e+02
    -4.83710510e+02  -2.63012581e+01  -4.15533295e+02   2.16811981e+02
    -6.29799561e+02  -7.47639954e+02  -3.24861641e+01  -6.30936157e+02
    -7.57629089e+02  -5.81125183e+02]
  [ -2.35254578e+02  -6.49469543e+02   2.01419601e+02  -1.98495956e+02
    -6.26798401e+02  -8.80948410e+01  -4.23340820e+02   1.16078484e+02
    -7.70244385e+02  -8.38633362e+02  -1.83137909e+02  -6.84629028e+02
    -9.86946777e+02  -6.18377319e+02]
  [ -4.10109314e+02  -5.97547791e+02   2.14599472e+02  -3.42486694e+02
    -5.54713989e+02  -1.17399643e+02  -7.76287292e+02   1.89701061e+01
    -6.71428650e+02  -8.24649353e+02  -2.83609558e+02  -7.77415161e+02
    -7.70980774e+02  -6.09441406e+02]
  [ -3.32313721e+02  -2.74163147e+02   3.86158417e+02  -7.88950745e+02
    -6.48886230e+02  -2.25101151e+02  -4.48460663e+02  -3.22212158e+02
    -3.75631958e+02  -6.03874084e+02  -3.40647125e+02  -8.91833496e+02
    -3.76778748e+02  -3.94584381e+02]
  [ -5.34343140e+02  -2.27214005e+02   4.97393463e+02  -2.43912979e+02
    -6.05909363e+02  -2.72781067e+02  -1.06822784e+02   8.03980026e+01
    -3.78155823e+02  -2.86912811e+02  -1.85676773e+02  -8.04871033e+02
    -5.08479828e+02  -2.64159302e+02]]

 [[ -1.72751404e+02  -2.75798920e+02  -1.41552246e+02  -4.19570007e+02
    -2.08150101e+02  -2.11657501e+02  -1.33207352e+02  -2.48129013e+02
    -5.71719849e+02  -4.51418518e+02  -1.99406601e+02  -6.30109329e+01
    -5.22128418e+02  -3.39114288e+02]
  [ -4.52077911e+02  -2.88852509e+02   5.37751617e+01  -3.72325714e+02
    -2.79245239e+02  -3.20449799e+02  -2.73693451e+02  -3.06937347e+02
    -4.33672058e+02  -4.06482361e+02  -1.90679657e+02  -3.38517456e+02
    -7.00137207e+02  -4.06708252e+02]
  [ -3.38478027e+02  -4.10861084e+02   4.54288574e+02  -3.14947174e+02
    -5.35578003e+02  -8.81739197e+01  -3.55209747e+02   1.96681732e+02
    -5.30502380e+02  -5.61864075e+02  -4.18298912e+01  -5.44625427e+02
    -7.65194641e+02  -6.14848633e+02]
  [ -2.51467026e+02  -5.14688477e+02   1.88509521e+02  -1.40643341e+02
    -4.30734039e+02  -6.90491562e+01  -3.95811371e+02   2.51558777e+02
    -5.94206848e+02  -6.75266907e+02   2.16123753e+01  -6.71633484e+02
    -7.96741821e+02  -5.61824951e+02]
  [ -2.33456161e+02  -6.61309692e+02   6.53754883e+01  -1.70691238e+02
    -3.33732605e+02   3.96195865e+00  -3.21223358e+02   2.74080383e+02
    -6.94558289e+02  -7.11719910e+02  -1.53729431e+02  -5.45828064e+02
    -7.47239258e+02  -5.88565796e+02]
  [ -5.22466431e+02  -7.34108643e+02   1.62754745e+02  -3.07894531e+02
    -4.32476593e+02   4.97696457e+01  -5.10635071e+02   1.47894028e+02
    -7.02147278e+02  -7.05387573e+02  -2.26162857e+02  -5.49910522e+02
    -6.94715576e+02  -6.26810669e+02]
  [ -3.20810059e+02  -2.97677490e+02   3.43045654e+02  -7.25997559e+02
    -5.66992737e+02  -5.54710083e+01  -5.27280273e+02  -1.51682693e+02
    -3.91746582e+02  -6.60529236e+02  -3.79488220e+02  -6.31824036e+02
    -3.95556763e+02  -4.07786133e+02]
  [ -3.85447113e+02  -2.28798996e+02   3.47202515e+02  -2.05031631e+02
    -5.89692322e+02  -1.16804733e+02   3.52484627e+01   1.12745590e+02
    -3.97529968e+02  -5.15069580e+02  -2.09138565e+02  -6.20700439e+02
    -4.40047150e+02  -2.36638550e+02]]

 [[ -1.85143463e+02  -2.01138824e+02   5.60849266e+01  -2.71294281e+02
    -6.00794144e+01   4.96387596e+01  -1.96824219e+02  -1.52200531e+02
    -5.28035950e+02  -1.92593292e+02  -4.33567902e+02   1.33589310e+02
    -3.10851044e+02  -1.17886093e+02]
  [ -4.67791840e+02  -3.76364838e+02   1.02005943e+02  -1.73974716e+02
    -2.00242737e+02  -6.99262085e+01  -2.49609344e+02  -1.58495468e+02
    -4.54009033e+02  -4.71715393e+02  -5.56117798e+02  -3.53551331e+01
    -2.71477997e+02  -7.52401886e+01]
  [ -2.48318115e+02  -4.45657898e+02   2.46972717e+02  -1.63316299e+02
    -2.36942184e+02   8.81548157e+01  -3.23820190e+02   2.16340515e+02
    -4.22264313e+02  -5.89088257e+02  -2.64466980e+02  -2.57980621e+02
    -4.34999695e+02  -2.15138031e+02]
  [ -2.37265152e+02  -4.91465942e+02   4.75517769e+01  -4.63777351e+01
    -3.08410828e+02   2.37101044e+02  -4.22909698e+02   2.28404892e+02
    -4.43414795e+02  -6.97302612e+02  -2.37742172e+02  -1.74189240e+02
    -4.59563995e+02  -2.42469482e+02]
  [ -3.87280090e+02  -5.68036865e+02   3.90153809e+01  -7.70542603e+01
    -1.37116669e+02   2.42616913e+02  -4.70914032e+02   1.83618301e+02
    -4.84199890e+02  -6.89044250e+02  -5.06512238e+02  -1.65014053e+02
    -4.13495728e+02  -3.53787689e+02]
  [ -4.38251160e+02  -6.42268799e+02   7.25576706e+01  -1.53955566e+02
    -2.46074158e+02   2.51874741e+02  -6.81140808e+02   1.54744888e+02
    -6.42900452e+02  -6.40968872e+02  -3.83690277e+02  -1.09060448e+02
    -4.00985352e+02  -3.58575867e+02]
  [ -2.79796631e+02  -5.93016907e+02   2.04235703e+02  -3.97930267e+02
    -4.33701752e+02  -2.08250275e+01  -5.35265564e+02  -3.75798683e+01
    -3.31576752e+02  -6.23636292e+02  -3.39651581e+02  -9.72110443e+01
    -1.00190918e+02  -2.74002014e+02]
  [ -1.88808014e+02  -4.84310272e+02   8.03534546e+01  -7.18851776e+01
    -2.64204773e+02  -7.97798767e+01  -1.57173523e+02   9.76096268e+01
    -2.25617722e+02  -5.36831604e+02  -1.58290451e+02  -2.86226135e+02
    -3.84385986e+02  -2.76610077e+02]]

 [[ -2.76688293e+02  -2.37894547e+02   8.28732300e+01  -8.71551743e+01
    -1.00139534e+02   1.56524979e+02  -2.96944946e+02  -2.05665939e+02
    -3.46760834e+02  -3.07516479e+02  -4.73732239e+02   3.24606590e+01
    -2.13670258e+02  -8.86078033e+01]
  [ -4.30068176e+02  -6.03433762e+01   2.57745850e+02   4.53676682e+01
    -1.94625107e+02   1.35707687e+02  -3.91604797e+02  -1.82476852e+02
    -3.94293579e+02  -4.48363861e+02  -4.95282745e+02  -2.40283676e+02
    -1.42589661e+02   1.49187183e+01]
  [ -3.09501740e+02  -2.13856461e+02   1.08922195e+02   1.54634537e+02
    -2.58718933e+02   1.37135925e+02  -3.74301270e+02   7.24606628e+01
    -3.03622528e+02  -4.94769470e+02  -4.03252838e+02  -4.55627991e+02
    -3.33505341e+02  -4.88280640e+01]
  [ -1.86390015e+02  -2.36608475e+02   1.28826294e+02   8.68277512e+01
    -2.24048294e+02   1.72125336e+02  -4.09426056e+02   2.72720245e+02
    -4.44175262e+02  -4.37547607e+02  -3.99693634e+02  -4.20363434e+02
    -2.46516022e+02   2.12078333e+00]
  [ -3.09980316e+02  -2.82495697e+02   2.34559784e+02   4.34826813e+01
    -2.90925049e+02   2.23198746e+02  -7.01016113e+02   2.25106552e+02
    -5.89031677e+02  -4.28244934e+02  -5.84345398e+02  -4.48317902e+02
    -3.89488800e+02  -8.66996765e+01]
  [ -4.30307922e+02  -4.52410614e+02   3.53213921e+01  -1.68171024e+01
    -1.94096985e+02   2.21113480e+02  -5.96066345e+02   1.57715271e+02
    -7.11260376e+02  -2.78296021e+02  -5.79052185e+02  -3.09133972e+02
    -2.89390228e+02  -1.20909958e+02]
  [ -1.46841873e+02  -3.13658661e+02   1.70651398e+02  -1.93702133e+02
    -2.46837372e+02   8.03385544e+01  -6.31671631e+02   3.31939507e+01
    -5.00754517e+02  -2.66966339e+02  -5.36790588e+02  -3.65773773e+02
    -1.00560318e+02  -2.07536530e+00]
  [ -1.46625381e+02  -9.41934357e+01   1.07944527e+02  -6.31684837e+01
    -2.49340714e+02  -9.78439713e+01  -2.61534760e+02   1.31218460e+02
    -2.11040054e+02  -3.26016510e+02  -3.73611450e+02  -4.09640289e+02
    -3.20541992e+02  -1.56005035e+02]]]
