[[[    0.             0.             0.             0.             0.
       0.            38.81409073     0.             0.             0.
     453.91644287     0.            10.12467861     0.        ]
  [  227.27639771     0.             0.             0.             0.
       0.             0.             0.             0.             0.
     252.71046448     0.           302.96624756     0.        ]
  [ 2422.83789062     0.             0.             0.             0.
       0.             0.             0.           780.95349121
     738.88330078   324.5803833      0.             0.             0.        ]
  [ 1794.29675293     0.             0.             0.          1535.36853027
       0.             0.           472.29177856   787.08013916
    1549.0144043    621.52362061     0.           945.28485107     0.        ]]

 [[    0.             0.             0.             0.             0.
       0.           830.34100342     0.             0.             0.
       0.             0.             0.             0.        ]
  [ 1224.04663086     0.             0.             0.             0.
       0.          1144.39343262     0.             0.           211.29847717
     597.82342529     0.          1895.13842773     0.        ]
  [  933.90148926     0.             0.             0.             0.
       0.          1443.53173828     0.             0.             0.
       0.             0.          1180.15612793     0.        ]
  [ 1220.65478516     0.             0.             0.           867.32440186
       0.          1166.4822998      0.             0.           896.31097412
     299.27276611     0.           317.76229858     0.        ]]

 [[    0.             0.             0.             0.             0.
       0.          1651.56335449     0.             0.           330.09725952
     145.28216553     0.           236.9822998      0.        ]
  [    0.             0.             0.             0.             0.
       0.          2131.73486328     0.             0.          1350.89685059
     850.50939941     0.          1718.93066406     0.        ]
  [    0.             0.             0.             0.             0.
       0.          3093.50146484     0.             0.          1564.17602539
    1584.45056152     0.           321.18875122     0.        ]
  [    0.             0.             0.             0.          1924.20263672
       0.          2238.875          0.             0.           711.28656006
    2169.85668945     0.             0.             0.        ]]

 [[    0.             0.             0.           527.84307861     0.
       0.             0.             0.            89.74508667
      11.89405155     0.             0.           190.40365601     0.        ]
  [    0.             0.             0.             0.             0.
       0.          1354.66687012     0.             0.           270.80230713
     456.49801636     0.          1359.46191406     0.        ]
  [    0.             0.             0.             0.             0.
       0.          2753.8984375      0.             0.          1214.62573242
     716.73150635     0.            87.25270081     0.        ]
  [    0.             0.             0.             0.          1218.5802002
       0.          2242.33081055     0.             0.           678.74645996
    1083.71044922     0.           161.76869202     0.        ]]]
