[[[  31.66604996 -215.95845032 -159.94746399 -302.634552   -135.86807251
   -407.25979614  173.67913818 -243.7024231  -367.39630127 -210.95410156
   -207.19178772  -27.60518456 -458.25869751 -295.72549438]
  [-289.41607666 -298.03585815   42.60269165 -295.73132324 -186.19624329
   -401.36856079   10.79039001 -127.6608429  -252.42874146 -281.7961731
   -183.42976379 -136.95588684 -683.24542236 -364.63711548]
  [-346.84085083 -458.89685059  293.73757935 -427.29830933 -416.47387695
   -337.54162598 -121.72939301   21.48368263 -454.21948242 -498.4392395
   -126.48429108  -53.22837067 -541.88305664 -422.94088745]
  [-374.86764526 -600.62219238  203.58029175 -380.35662842 -398.82992554
   -186.3681488   -92.99559021  105.14683533 -509.36914062 -506.77062988
    -44.21766281 -103.87612152 -435.14682007 -416.48095703]
  [-199.30659485 -696.51263428  248.945755   -366.21389771 -254.3941803
   -357.77612305  -40.31843567   84.42841339 -553.54095459 -538.01342773
   -176.59683228  -76.79351807 -407.24197388 -379.8237915 ]
  [-121.29329681 -559.55895996  285.17776489 -507.19000244 -196.61405945
   -426.18438721 -136.85049438 -172.58534241 -532.51000977 -592.47924805
   -242.03712463 -246.14306641 -297.34640503 -405.71252441]
  [-373.59567261 -417.56137085   94.37471771 -843.06890869 -522.5135498
   -163.89144897 -109.27533722  -89.19880676 -198.87025452 -300.43615723
   -184.79597473 -323.82241821 -308.72628784 -336.36297607]
  [-690.82208252 -554.91705322  475.20059204 -378.44723511 -442.66229248
   -179.74931335 -204.64433289  402.56420898 -367.88317871 -107.25566864
    -75.84632874 -209.22814941 -409.54382324  -16.89926529]]

 [[-228.03948975 -317.93582153   16.58553886 -361.67449951 -185.34986877
   -118.35729218  -24.64139366 -462.28741455 -324.03421021 -278.84747314
   -363.97750854  -48.92974854 -403.67175293 -216.2696991 ]
  [-654.18804932 -488.35784912  318.237854   -362.39898682 -327.78262329
    -62.40844345 -366.37301636 -388.02005005 -349.63809204 -338.88656616
   -370.26998901 -259.32824707 -674.63311768 -408.86471558]
  [-505.25836182 -544.00604248  379.60168457 -329.32406616 -496.99963379
    -29.95188332 -354.98794556  -28.85580444 -466.90390015 -453.21343994
   -238.09367371 -270.02252197 -570.76702881 -399.86560059]
  [-408.45788574 -585.83355713  467.14859009 -263.46810913 -451.49307251
     80.79340363 -291.35043335 -129.07843018 -547.4173584  -519.28942871
   -108.46970367 -329.48968506 -546.80072021 -517.79168701]
  [-339.29516602 -649.30749512  520.02697754 -176.60954285 -383.02362061
     18.27870369 -380.47103882 -123.59159851 -527.7088623  -532.2723999
   -216.75552368 -335.08911133 -584.05749512 -598.77423096]
  [-298.87533569 -566.84020996  482.36184692 -323.39877319 -343.46438599
    109.48287201 -648.05169678 -339.95291138 -382.27246094 -455.70767212
   -331.26501465 -424.81335449 -466.64761353 -552.11096191]
  [-292.4619751  -526.31048584  511.65982056 -614.61627197 -477.12503052
   -157.11523438 -412.02975464 -463.71087646 -269.38613892 -376.23492432
   -323.60427856 -441.4805603  -297.44656372 -385.69949341]
  [-374.87368774 -534.88641357  640.00494385  -83.2881012  -316.4486084
   -179.1257019  -472.70202637  -31.72898674 -452.72576904  -86.24957275
   -176.63470459 -418.55285645 -453.54449463 -235.54421997]]

 [[-396.43429565 -340.6388855   -99.10971069 -339.39099121 -189.78282166
    -40.02950668 -277.08670044 -273.49447632 -633.97277832 -401.0071106
   -400.94290161  -51.84047318 -516.58276367 -233.19895935]
  [-671.78009033 -318.74829102  241.57780457  -88.08711243 -255.24441528
    -90.57467651 -327.76071167 -209.25595093 -603.31787109 -624.63787842
   -370.86584473 -277.58105469 -620.20135498 -317.8878479 ]
  [-286.63314819 -391.60757446  276.43994141 -187.75593567 -547.50482178
     -3.70866442 -428.68554688  134.39050293 -773.07751465 -673.76702881
   -365.13061523 -510.18606567 -533.74224854 -396.67111206]
  [-279.00109863 -473.57171631  214.19758606 -243.10292053 -401.29150391
    -93.50888062 -367.04110718  131.19192505 -675.68713379 -702.75463867
   -219.19523621 -501.37319946 -590.91290283 -363.77850342]
  [-387.7227478  -534.97753906  258.96417236 -116.81410217 -448.6411438
     23.12129402 -504.07650757  117.01265717 -742.34533691 -723.32122803
   -259.93005371 -455.09246826 -818.23754883 -433.69967651]
  [-535.77935791 -637.41540527  163.64906311 -272.53076172 -268.56375122
     21.53137779 -616.96063232    9.69190502 -765.09832764 -711.76568604
   -363.1222229  -480.73223877 -606.31866455 -402.86737061]
  [-269.30239868 -415.9095459   402.69821167 -656.51477051 -490.46585083
   -124.06646729 -438.24029541 -227.17694092 -479.53622437 -521.56536865
   -520.18817139 -579.87005615 -280.70669556 -261.39126587]
  [-329.93026733 -332.30587769  512.1652832   -33.37604141 -435.44155884
   -236.76609802 -165.09130859  103.2244339  -365.5670166  -287.06295776
   -221.43644714 -645.0838623  -442.33331299 -173.90740967]]

 [[-332.19216919 -355.28912354 -129.74971008 -236.50759888 -208.01843262
   -198.33013916 -338.36553955 -115.7339325  -587.57556152 -475.68591309
   -315.00152588  -23.36231804 -411.22772217 -171.85127258]
  [-572.06939697 -273.93066406  114.75710297  -90.77836609 -238.5100708
    -91.2583313  -328.51083374  -68.14176178 -528.2565918  -602.64556885
   -264.99887085 -215.73721313 -464.36239624 -243.73838806]
  [-386.41159058 -457.29220581   77.11467743 -168.88761902 -529.02209473
    -31.97001457 -406.99789429  164.4617157  -447.40765381 -745.17102051
   -218.27870178 -295.82281494 -555.79504395 -313.4387207 ]
  [-395.22912598 -426.56378174   32.3369751  -193.13510132 -547.36907959
    -55.57566071 -420.74588013  234.56521606 -616.34063721 -663.11206055
   -135.02311707 -397.31503296 -546.00360107 -278.05142212]
  [-363.79971313 -445.2175293    64.18534851  -21.70912552 -459.31265259
    -24.92804718 -513.22479248  286.26983643 -632.77349854 -775.30096436
   -166.1566925  -249.5740509  -640.76525879 -252.97006226]
  [-470.35128784 -512.47424316   66.00785065 -240.69885254 -345.31820679
     21.78126335 -536.06188965  191.15608215 -676.13708496 -794.68426514
   -123.9670105  -407.71072388 -498.03170776 -201.63040161]
  [-408.97506714 -313.57543945  261.51074219 -561.03820801 -503.90948486
    -66.32192993 -417.85775757 -110.07500458 -429.22317505 -528.52911377
   -369.31097412 -511.18313599 -264.7482605  -227.60580444]
  [-429.16445923 -293.29312134  241.32093811  -49.06483459 -466.26525879
    -91.59025574 -140.03689575  142.12094116 -246.64952087 -196.21052551
   -236.36549377 -594.2723999  -466.93911743 -110.33382416]]

 [[-167.31364441 -296.12084961 -107.54933929 -249.23344421 -220.30448914
   -100.27218628 -228.70970154 -113.47528839 -477.29129028 -498.28942871
   -309.69763184  -16.07167625 -473.52832031  -70.87216949]
  [-459.94946289 -254.20352173   99.8685379   -47.26832199 -192.55627441
   -135.4887085  -212.53500366  -73.18331146 -440.10992432 -599.33197021
   -248.63606262 -218.8637085  -545.44580078 -202.49331665]
  [-240.19070435 -290.93484497  -31.37748528  -35.48317719 -271.26171875
    -20.66602135 -267.18411255  287.18243408 -343.56530762 -654.41662598
   -194.65893555 -347.50714111 -529.92993164 -245.17085266]
  [-251.68017578 -355.11187744   21.9862957  -165.33547974 -480.29336548
    -13.93810749 -263.52966309  188.7227478  -479.50421143 -686.05072021
   -127.86488342 -395.1505127  -508.97073364 -294.49795532]
  [-346.32144165 -404.24856567   52.93321609   25.79448509 -372.92425537
    -57.26105499 -400.25817871  229.28079224 -502.29556274 -781.74786377
   -345.42788696 -401.22116089 -544.52868652 -287.81158447]
  [-326.38269043 -471.76318359   19.32633972  -97.8205719  -243.4786377
     20.79295731 -508.71359253  146.23799133 -537.42279053 -702.92602539
   -270.7064209  -539.28100586 -496.03433228 -218.63577271]
  [-269.99584961 -281.49053955  181.05963135 -427.71661377 -588.92791748
    -86.68624115 -297.28295898  -47.85398102 -419.61199951 -547.12786865
   -321.53030396 -452.23950195 -269.21417236 -188.5307312 ]
  [-367.3036499  -238.44947815  211.72250366  -34.36754227 -397.38461304
    -70.66233063  -65.50849915  195.33699036 -357.08242798 -319.91021729
   -149.38851929 -504.75796509 -377.23117065 -165.54866028]]

 [[-225.11871338 -190.67451477 -188.60203552 -218.02865601 -120.35122681
    -90.49021912 -227.21351624 -148.16670227 -347.23007202 -273.4911499
   -248.58364868  -80.26307678 -344.3656311  -132.58766174]
  [-475.54156494 -202.82348633  108.63586426  -65.34278107 -151.42082214
   -121.8747406  -218.96432495  -78.01008606 -382.31744385 -443.88043213
   -229.93107605 -237.20251465 -581.13861084 -130.62464905]
  [-206.78326416 -237.56001282   29.68876457 -120.71929169 -359.26376343
     -4.26774979 -244.26087952  168.42279053 -308.89349365 -455.42401123
   -154.72645569 -344.77249146 -448.66140747 -313.89196777]
  [-257.66540527 -310.55657959   39.81148911 -214.73518372 -299.21231079
   -102.89880371 -152.77122498  124.31154633 -400.49795532 -506.82479858
    -85.43634796 -401.63116455 -369.89797974 -265.76547241]
  [-331.72131348 -325.72305298  175.87786865   -6.43128395 -422.94769287
     -6.78912926 -346.47253418  196.25482178 -427.73547363 -486.47805786
   -140.87593079 -341.98193359 -495.59637451 -316.82781982]
  [-366.81723022 -432.25439453   49.272789    -43.37692261 -232.96427917
    -21.24065018 -424.01916504  117.85697174 -421.41421509 -528.97485352
   -228.90093994 -295.26553345 -298.81262207 -299.58453369]
  [-212.56333923 -233.22857666  270.2711792  -414.51165771 -424.47875977
   -105.55761719 -303.1920166  -101.29981995 -364.67593384 -472.57901001
   -400.14205933 -232.36051941  -83.06661224 -178.39152527]
  [-262.13146973 -201.91983032  302.98574829  -66.97536469 -332.77941895
   -130.45881653 -107.15751648   21.25507164 -262.78405762 -262.64685059
   -159.47189331 -316.51797485 -294.10949707 -111.13322449]]

 [[-209.08244324 -200.48614502 -136.62091064 -187.87083435    6.30312681
     -6.00469971 -198.48068237  -83.61725616 -281.92880249 -259.11016846
   -235.55332947  135.06767273 -103.7808075   -94.65540314]
  [-377.25439453 -165.78317261    1.29062641  -52.48874283  -78.55299377
     48.63274765 -154.60365295  -40.08510971 -358.97018433 -440.75637817
   -280.23248291   19.42249298 -133.76493835  -60.37936783]
  [-284.80065918 -241.83586121   91.40231323  -26.77752304 -209.32725525
     50.57486343 -156.96968079  160.34564209 -221.46382141 -407.96182251
   -204.62194824 -104.12445831 -145.45536804 -110.3495636 ]
  [-269.06866455 -245.18629456   21.54517937  -75.11077881 -230.34423828
     79.67658234 -176.16912842  170.04368591 -221.003479   -438.71578979
   -175.28048706 -211.84274292 -215.46774292 -101.55936432]
  [-169.07301331 -371.33190918 -131.49032593   23.9133091  -194.57769775
    141.45681763 -250.2074585   216.10630798 -312.89181519 -507.02078247
   -266.35986328 -117.75669098 -338.16812134 -139.94802856]
  [-251.00294495 -379.45526123  -55.91491699  -89.84770966 -195.95715332
    255.11451721 -429.10385132  199.18170166 -296.03326416 -582.30731201
   -294.41299438 -129.95030212 -222.91334534 -115.00157928]
  [-267.47662354 -279.62060547   98.8441925  -280.11154175 -328.8972168
     41.81328583 -257.20089722   64.76657104 -248.18812561 -482.14071655
   -216.97134399  -52.66253662  -60.60815811 -222.89254761]
  [-211.26257324 -265.39630127   58.59008789   38.06344223 -226.00712585
    -11.27587414  -18.32098579  140.27914429 -155.30653381 -323.97317505
    -26.91967773 -153.41749573 -220.21212769  -91.62833405]]

 [[-113.9239502   -89.08876801   -9.98297119  -51.84366989  -75.18251038
     98.77883148 -151.44674683  -73.45862579 -141.56941223 -195.23233032
   -245.26469421   85.79666901 -134.85742188 -144.39064026]
  [-284.84692383  -69.84422302  -36.48325348   84.92849731  -26.21609116
     82.53309631 -162.76295471  -39.15137482 -277.66833496 -346.41931152
   -305.50109863  -60.13499069 -103.831604    -77.37688446]
  [-141.34179688 -112.62648773    2.21262383  168.75584412  -77.70700836
     28.3725872  -212.98757935  145.91015625 -174.05670166 -371.13562012
   -194.19898987 -182.1063385   -53.6012001   -50.70949554]
  [-126.34915161 -132.56213379   35.13150406   78.33460999 -215.40797424
     39.88950729 -209.04241943  136.30561829 -182.21481323 -376.63223267
   -215.47218323 -175.55291748 -100.92689514  -66.16989136]
  [-159.60461426 -240.81149292  -25.68716049   75.48218536  -57.82258224
     43.53625107 -295.50338745  146.40426636 -297.35061646 -360.82485962
   -276.51855469 -244.2575531  -225.91850281  -74.63141632]
  [-236.84616089 -202.54260254  -51.36723709   19.55792618 -101.6960907
    149.31881714 -387.60568237  135.68252563 -375.29852295 -354.80126953
   -271.07925415 -207.00782776 -209.77633667  -45.76254654]
  [-119.87512207 -214.51057434   14.49048996  -90.10012817 -284.28546143
     20.85355377 -222.5381012    54.41787338 -275.78317261 -230.62811279
   -281.67758179 -137.35470581  -99.70330048  -59.63625717]
  [-110.63116455  -48.00522995    1.46056473  -15.35246372 -118.75485229
    -46.65826797  -60.36130142   49.8146019  -124.88863373 -183.22001648
   -167.92907715 -260.49588013 -124.08033752  -96.26498413]]]
