[[[ -24.80973244  -14.09486961  -21.98152542 ...,  -55.82725906
     22.62796783  -19.52029991]
  [   7.11554766  -21.92354584  -22.29276657 ...,  -68.1468277    -7.6904583
    -62.59872437]
  [  -5.93409109  -21.78060913  -26.36104965 ..., -104.16693115
     -5.71263218  -72.4228363 ]
  ..., 
  [  -9.84078979    2.49895668  -31.49635315 ..., -109.47906494
     12.46770096  -70.87437439]
  [   0.69966602   63.57248688   12.07287693 ...,  -67.1443634
     10.32376385  -54.86977386]
  [   9.29010391    8.04685593   -1.45308924 ...,  -31.43720627
     14.00000954  -55.27781677]]

 [[  -5.78041935    0.30161721  -70.91925812 ...,  -73.31790161
     43.11061859  -29.49068642]
  [  12.11148834  -34.01852417  -52.7583847  ...,  -82.21755981
     21.29310799 -101.37839508]
  [ -12.27013969  -23.55511284  -70.95850372 ..., -102.6016922
     11.95881939 -113.15182495]
  ..., 
  [ -18.6404686   -30.16173744  -73.50689697 ..., -114.1509552
     20.56414986  -80.40956116]
  [  14.09813595   58.45967102  -21.70834923 ...,  -56.0344696
     22.94542313  -38.45154953]
  [  11.34771729   -1.90990102  -31.27947617 ...,  -25.82454681
     22.03455734  -52.40792084]]

 [[ -18.47900963  -36.96775818  -53.40579605 ...,  -69.10558319    8.803298
    -17.41446495]
  [  17.26690674  -74.00541687  -43.08567047 ..., -104.06802368
      4.43230295  -80.38007355]
  [  -8.28908634  -48.86426926  -62.68527603 ..., -127.52058411
    -15.89153481 -105.58023834]
  ..., 
  [ -20.23475456  -63.16559219  -69.74667358 ..., -112.14011383
     14.50533962  -96.21289062]
  [   5.7351222    57.14281082  -21.61945724 ...,  -46.94943619
     52.04230499  -36.89264297]
  [  35.66279984    0.54661888  -25.29898834 ...,  -33.93486786
     49.22864532  -41.6617775 ]]

 ..., 
 [[  -6.68917274  -37.06744003  -36.48360062 ...,  -26.18479156
     22.16843224  -32.6306572 ]
  [   2.03115773  -64.43108368  -21.83940697 ...,  -68.39529419
     31.95363998  -72.81161499]
  [   4.78910208  -68.22877502  -41.91109085 ...,  -71.81259155
    -13.08150196  -79.49906921]
  ..., 
  [ -22.34563255  -71.47642517  -53.83819962 ...,  -89.01316833
      1.8441844   -83.82326508]
  [ -15.68677711   32.674366    -14.29814243 ...,  -45.53775787
     36.87248993  -32.82841873]
  [  13.22270584   -5.76045465  -19.17527199 ...,  -37.34905624
     30.03877831  -49.39644623]]

 [[ -43.96313477  -17.04445457  -19.46515656 ...,  -35.90274811
     23.94207954  -28.74286842]
  [ -38.27256775  -33.71235275  -24.25193214 ...,  -50.01954651
    -10.13807964 -101.61981964]
  [ -40.0642662    11.24284077   -6.58934164 ...,  -41.53754425
     -5.72910261  -91.97779846]
  ..., 
  [ -57.99926758   11.23126888  -22.12924004 ...,  -50.51929092
    -14.95068645  -98.22653198]
  [ -13.33434486   41.97237396   29.76535225 ...,   -7.77952194
     33.0511055   -57.12469864]
  [   1.24481034    9.48330116    2.62060809 ...,  -14.21503448
      4.45928621  -46.64598465]]

 [[   3.97303581  -18.92836761  -33.61717224 ...,  -15.11457825
     13.94578075   -6.80191708]
  [  -2.91874099  -27.86442947  -30.40968323 ...,  -51.16353607
    -13.0524559   -71.71994781]
  [ -13.58514404   16.12940216  -12.89151287 ...,  -44.64870453
     -6.48171759  -43.70864868]
  ..., 
  [  13.20932388   23.98680305  -24.69994164 ...,  -28.18297768
      5.48322392  -39.65120697]
  [  34.73373795   24.54219818   24.6138649  ...,   27.38496208
     31.92483521   -4.95917702]
  [  24.66599655    8.43667889   -3.33228588 ...,   14.66418552
     17.2025013    11.73689938]]]
