[[[ -446.69320679 -2541.91479492 -1219.17321777  -664.52185059
   -1355.70983887  -428.87307739    38.56317902  -408.79598999
    -354.79238892 -1170.53515625   454.13262939 -2422.50976562
       9.95765305 -2001.72680664]
  [  227.32539368 -2029.30847168 -1755.10009766  -791.58221436
   -1538.53100586 -1486.38513184  -739.58905029  -657.48034668  -105.448349
    -658.19506836   252.926651   -2389.00927734   302.79922485
   -1504.08862305]
  [ 2422.88696289 -5404.90087891 -1968.56872559 -2425.796875    -102.7286377
    -621.69433594  -323.18841553  -418.64212036   781.18792725
     739.00476074   324.79656982 -2553.85058594  -128.33842468
    -559.12188721]
  [ 1794.34570312 -3312.74975586  -936.33233643 -1896.79431152
    1535.3059082   -433.92260742  -196.19541931   472.64379883
     787.3145752   1549.13586426   621.73980713 -1951.6328125
     945.11779785 -1453.84313965]]

 [[ -317.79507446 -2231.98999023 -1968.79772949  -500.44671631
   -1696.15539551 -1206.57836914   830.09008789  -857.11901855
    -659.40460205 -1615.92529297   -94.52028656 -1747.5020752
    -402.42434692 -1910.40820312]
  [ 1224.09558105 -2263.97387695 -2901.3449707  -2095.34960938
   -2319.96557617 -1838.88867188  1144.14257812  -476.47644043
    -977.72283936   211.41992188   598.03961182 -1730.87304688
    1894.97143555 -1746.63598633]
  [  933.95050049 -4914.25292969 -2592.18383789 -2688.83764648
   -1452.31799316 -1835.09509277  1443.28088379 -1360.62927246
   -1468.81445312   -83.45548248  -643.67474365 -2481.11621094
    1179.98913574 -1242.64770508]
  [ 1220.70373535 -2326.859375    -442.99069214 -2496.32983398
     867.26177979 -1664.15246582  1166.23144531   -47.69475174
    -135.88565063   896.43243408   299.48895264 -2014.09667969
     317.59527588 -1629.36560059]]

 [[-1281.40466309 -1643.77648926 -2461.46508789 -1579.73632812
   -2378.12451172 -1153.58312988  1651.3125      -172.0368042
    -101.03255463   330.21871948   145.49835205 -1178.0715332    236.8152771
   -1873.97814941]
  [ -479.6076355  -2335.04370117 -1950.83935547 -2139.87915039
   -2646.75268555 -2742.7434082   2131.48388672  -341.36505127
    -792.34466553  1351.01831055   850.72558594 -1785.87329102
    1718.76367188 -1512.88708496]
  [-1532.07995605 -3592.08764648 -1541.99658203 -3654.78466797
    -924.35821533 -2674.55615234  3093.25048828  -905.48187256
    -892.11584473  1564.29748535  1584.66674805 -3473.05029297
     321.02172852 -1326.62866211]
  [-1496.50598145 -2521.84106445  -820.51074219 -2242.98657227
    1924.14001465 -1667.05786133  2238.62402344  -400.66412354
    -264.71969604   711.40802002  2170.07275391 -1338.72924805
     -36.57560349 -1715.54052734]]

 [[ -996.49591064  -522.98748779 -1437.36755371   527.90234375
   -1279.85998535  -888.3895874   -344.14242554  -452.62612915
      89.97955322    12.01550007  -310.83291626 -1410.15161133
     190.2366333   -970.34625244]
  [ -779.77081299 -1750.96936035 -1606.45715332  -683.82415771
   -1782.29968262 -1146.3359375   1354.41601562  -486.68841553
    -593.8371582    270.92376709   456.71420288 -1397.40844727
    1359.29492188  -492.30215454]
  [-2103.30688477 -2167.47851562  -275.712677   -2202.69995117
    -274.13208008 -2026.96008301  2753.64746094  -771.97351074
    -497.06063843  1214.74719238   716.94769287 -2442.80712891
      87.0856781   -790.89898682]
  [-1775.73083496 -1906.80639648  -348.53939819 -1960.42871094
    1218.51757812  -896.1574707   2242.07983398  -606.88360596
    -477.13574219   678.86791992  1083.92663574  -517.33990479
     161.60166931 -1252.24609375]]]
