[[[ 2.30337214  0.          0.         ...,  0.          1.49793029
    0.43500283]
  [ 0.18654115  0.          0.         ...,  0.          2.02305102  0.        ]
  [ 0.64460719  0.          0.         ...,  0.          0.          0.        ]
  ..., 
  [ 0.55203569  0.          0.         ...,  0.          1.54195213
    0.73686051]
  [ 0.          0.          0.         ...,  0.          1.75203764
    1.26746476]
  [ 0.          0.          0.         ...,  0.          0.12094939
    1.2015568 ]]

 [[ 2.7788353   0.          0.46146327 ...,  0.          1.25967848  0.        ]
  [ 0.85794985  0.          0.06085576 ...,  0.          1.79130876  0.        ]
  [ 2.11636138  0.          0.         ...,  0.          0.13415112  0.        ]
  ..., 
  [ 1.57949984  0.          0.         ...,  0.          0.12016435  0.        ]
  [ 0.69641101  1.41305172  0.         ...,  0.          1.37070346  0.        ]
  [ 0.6643247   0.2379504   0.         ...,  0.          0.          0.        ]]

 [[ 2.98143673  0.          0.         ...,  0.          1.94147325  0.        ]
  [ 0.00938023  0.          0.         ...,  0.          2.34918737  0.        ]
  [ 1.96473718  0.          0.         ...,  0.          1.02459514  0.        ]
  ..., 
  [ 1.07437527  0.          0.         ...,  0.          0.          0.        ]
  [ 0.68773097  1.32967031  0.         ...,  0.          1.32569563  0.        ]
  [ 0.53526199  0.54039949  0.         ...,  0.          0.          0.        ]]

 ..., 
 [[ 4.07781553  0.          0.         ...,  0.          2.86653376  0.        ]
  [ 0.42232549  0.24453582  0.         ...,  0.          4.13589287  0.        ]
  [ 1.36908174  0.71393061  0.         ...,  0.          0.15622213  0.        ]
  ..., 
  [ 1.42344534  0.          0.         ...,  0.          1.25405717  0.        ]
  [ 0.88539684  1.77418184  0.         ...,  0.          3.02415586  0.        ]
  [ 1.10129035  0.05365092  0.         ...,  0.          0.95942229  0.        ]]

 [[ 2.81140232  0.          0.         ...,  0.          4.11699724
    0.32705012]
  [ 0.17330831  0.78287709  0.         ...,  0.          4.61147261  0.        ]
  [ 1.88510704  2.32742167  0.         ...,  0.          2.02689075  0.        ]
  ..., 
  [ 1.20714414  0.19551568  0.         ...,  0.          3.90678358  0.        ]
  [ 1.99483871  4.92428541  0.         ...,  0.          4.43193722  0.        ]
  [ 1.60482275  3.00514269  0.         ...,  0.          0.95690101  0.        ]]

 [[ 1.243433    0.27450198  0.         ...,  0.          3.01275182  0.        ]
  [ 0.23346654  1.5064261   0.         ...,  0.          3.23348761  0.        ]
  [ 2.27312398  2.85073948  0.         ...,  0.          1.45108867  0.        ]
  ..., 
  [ 1.25140929  2.73340845  0.         ...,  0.          2.68309951  0.        ]
  [ 3.34346914  5.15211964  0.         ...,  0.          2.78443885  0.        ]
  [ 3.06536555  3.88595486  0.         ...,  0.          1.12818491  0.        ]]]
