[[[  2005.61987305      0.              0.              0.              0.
        0.          13618.421875        0.              0.          24506.18945312
        0.           1391.65222168      0.           3015.3828125 ]
  [     0.              0.              0.              0.              0.
        0.          11524.80273438      0.            886.92547607
     7711.22998047      0.              0.              0.           8236.38183594]]

 [[  1920.81726074      0.              0.              0.              0.
        0.              0.              0.              0.           7668.5703125
        0.           7922.31738281      0.           9600.06640625]
  [     0.              0.              0.            594.04644775      0.
        0.              0.              0.           2181.06103516      0.
        0.              0.              0.           3752.57861328]]]
