[[[ -406.87142944  -190.81272888   210.23771667   -56.63111496
     525.16571045  -309.90325928   635.8414917   -303.97445679
   -1000.81549072    73.48435211   938.65722656   135.296875      42.81569672
    -187.03964233]
  [  159.59474182  -121.55270386   128.66793823  -141.95352173
     166.08335876  -101.71244812   804.94110107  -271.95474243
    -932.94287109   -98.76121521  1074.7598877    521.25250244
     -24.11633873  -198.48017883]
  [   79.90785217  -218.11730957   473.63824463    10.69269371
     426.65313721   -32.30598831   769.06640625  -236.81959534
    -927.5401001    -46.34412384   955.10827637   577.80450439  -343.759552
      17.65750122]
  [  125.1984024   -236.74887085   401.62136841   -53.21980667
     324.54968262   -13.02564526   760.04492188  -144.60983276
    -796.9241333    -12.90754128   949.39343262   601.55822754
    -375.01507568   -76.90955353]
  [   20.73907471  -198.48484802   376.71585083   -29.55533981
     409.16384888   225.05329895   675.07025146  -132.59535217
    -920.7086792   -227.60726929   949.26739502   622.9909668
    -523.08093262   -36.03604889]
  [   32.45501328  -419.74334717   270.28753662   120.10910034
     522.35693359   328.050354     767.30541992  -101.43017578
    -816.94567871  -125.49172211   962.19366455   406.63665771
    -414.0909729     92.9438324 ]
  [  213.00395203  -898.90960693   -96.5880661     22.07235336
     290.87512207   222.13586426   317.52883911  -168.32489014
    -389.01309204   269.3772583    695.93255615   275.74676514
    -644.06274414   -15.89669132]
  [  361.72561646  -483.69259644    20.94434929  -256.44177246
      77.18803406   437.55706787   523.68621826    33.65179825
    -200.18928528   -57.79369736   160.77493286   521.06732178
    -750.8034668    257.78302002]]

 [[ -784.20239258   -16.44849205   275.19332886  -423.57437134
     509.98809814   -31.54043198   965.41003418   110.21649933
    -857.86785889   266.215271     744.59155273   528.45507812
     -20.20198059   -90.28536224]
  [   28.57761192    86.66726685     8.42407799  -321.46905518
     205.08200073   228.69721985  1029.38989258     7.90970898
    -557.60198975   115.30213928   688.00549316   802.54888916
    -137.44747925  -283.4312439 ]
  [ -253.66773987    26.81605339    76.01998901    88.15433502
     460.35546875   528.16363525   885.96728516  -147.10838318
    -602.20874023    92.08089447   370.7578125   1130.86242676
    -369.97756958   -72.50592041]
  [ -296.16662598   -44.13924026   126.02584076    66.42562866
     523.15252686   441.73587036   764.6796875    -43.15192795
    -538.76202393    70.13615417   404.07025146  1088.83789062
    -367.26019287  -147.81880188]
  [ -301.67367554    61.9776001     42.38882446   -91.28181458
     609.79699707   652.60369873   843.98358154   -84.53247833
    -731.33917236    -1.75789905   509.45187378  1220.86218262
    -432.12680054  -261.11138916]
  [ -278.54592896   -49.14392853  -127.15118408   108.69234467
     743.05059814   848.47369385   790.04272461    54.05032349
    -740.38220215    15.77015305   445.45645142   974.72174072
    -305.96020508   -75.94166565]
  [ -196.73417664  -659.00598145  -476.98458862   282.55673218
     457.08599854   365.24514771   125.46151733  -274.37854004
    -354.53768921   146.54341125     9.59939289   751.21044922
    -522.43658447  -137.85858154]
  [  119.73152924  -594.8059082   -399.02520752    44.26883698
      73.48916626   481.42703247    57.73129272  -143.38743591
     -19.75395584  -243.95684814  -313.61523438   779.96173096
    -800.80072021     4.05861521]]

 [[-1058.80187988  -412.26391602   505.60964966  -527.05645752
     557.94818115  -236.72834778   644.30462646   183.70822144
   -1163.43237305  -310.19396973   911.24163818   633.05828857
     -70.77883911  -158.04421997]
  [ -359.2822876   -317.8168335    417.33114624  -365.86633301
     324.59423828   113.63846588   617.90411377   -25.16082764
   -1047.60986328  -551.4800415    552.19976807  1070.29211426
    -209.2326355   -315.05819702]
  [ -498.56915283  -499.25360107   207.12982178   132.80987549
     547.92523193   162.5504303    460.4510498   -238.82904053
    -669.26086426  -605.36962891   324.59945679  1105.25097656
    -497.12942505  -333.20361328]
  [ -578.05053711  -607.92474365   183.5561676    193.50987244
     588.60784912   283.90362549   489.1072998   -111.80437469
    -574.34649658  -527.58850098   316.08389282  1027.77416992
    -515.87420654  -356.68414307]
  [ -632.79974365  -540.69885254   200.50318909    74.0585556
     715.60144043   402.70391846   388.75915527   -81.00282288
    -531.68682861  -579.04577637   445.43121338  1041.45544434
    -644.29724121  -314.18743896]
  [ -535.83789062  -758.98809814   -23.17529106   230.44764709
     903.10345459   596.79168701   430.62710571  -206.40153503
    -490.00292969  -405.1026001    513.76586914   948.18963623
    -430.89877319  -286.75637817]
  [ -418.23983765 -1169.81079102  -288.76992798   265.27609253
     829.06323242    98.21897888   -26.42054176  -506.06286621
    -464.45172119  -109.72505188   194.28041077   526.01617432
    -612.40496826  -268.22637939]
  [ -221.25267029  -817.51373291  -390.46124268  -111.91397858
     104.59384155    51.83302689    -6.65412617  -381.78317261
      88.04341125  -238.6149292   -326.837677     462.31317139
    -821.00292969   -48.68806458]]

 [[ -816.99591064  -533.66357422   481.08309937  -371.07876587
     672.63201904  -118.2383194    634.10015869    71.83657074
   -1147.09130859  -303.82888794  1011.02148438   527.10791016
    -171.1085968   -270.65307617]
  [ -263.89273071  -419.63150024   515.52441406  -258.68634033
     393.08691406   279.92544556   742.55615234   -18.78489494
   -1025.16015625  -564.14624023   801.2208252    953.69702148
    -354.56069946  -359.39730835]
  [ -371.18475342  -423.77600098   502.71557617   205.21789551
     457.51046753   229.91363525   629.81445312  -184.9621582
    -712.91619873  -633.0020752    545.36761475  1077.82592773
    -489.6569519   -316.5057373 ]
  [ -387.45114136  -564.48968506   427.25170898   151.37962341
     506.88665771   432.43701172   655.56280518  -186.78892517
    -615.85650635  -602.13793945   548.45056152  1125.32421875
    -628.40222168  -383.03170776]
  [ -467.01559448  -507.90487671   425.70181274    54.44705582
     598.15856934   549.53594971   640.02062988  -202.58885193
    -637.40716553  -710.75079346   632.38220215  1130.57946777
    -727.26544189  -346.15286255]
  [ -412.01147461  -659.06463623   175.46937561   221.24694824
     844.85009766   512.53826904   521.71398926  -308.05621338
    -495.43807983  -524.32330322   763.01312256   903.80609131
    -567.53643799  -403.87368774]
  [ -243.85896301 -1131.57775879  -134.12887573   309.16079712
     777.57672119   227.22254944    64.24061584  -562.61431885
    -399.80871582  -105.67959595   308.08535767   523.07745361
    -730.94293213  -412.46975708]
  [ -197.90034485  -820.28533936  -283.00396729  -122.32582855
     -32.67160416   216.15319824   135.85675049  -424.71295166
     193.8707428   -252.23568726  -117.61524963   448.03222656
    -867.72662354  -230.97883606]]

 [[ -877.70465088  -406.20864868   222.34532166  -669.73236084
     745.04864502  -119.04410553   611.91473389   -54.05606079
   -1249.62658691  -351.78131104  1069.61608887   833.72161865
      -2.00794578  -267.50668335]
  [ -167.29696655  -352.69317627   -10.4326849   -586.22076416
     443.79910278   363.89358521   760.53656006  -220.17315674
   -1214.62072754  -645.55627441   849.12182617  1294.4519043
    -133.25263977  -209.24577332]
  [ -189.90878296  -621.08843994    75.75626373   -65.35704041
     613.44238281   465.46286011   669.85913086  -156.69682312
    -719.32495117  -788.19085693   492.32232666  1286.00378418
    -357.89175415  -306.56686401]
  [ -160.09848022  -665.23059082    88.829216       5.222054     695.55511475
     411.46087646   658.83990479  -168.48023987  -659.97143555
    -707.60449219   575.85211182  1391.32128906  -524.83850098
    -289.95144653]
  [ -239.59936523  -707.93078613   146.26724243  -118.40262604
     723.59661865   518.49822998   658.54589844  -210.82312012
    -693.15118408  -867.24694824   605.61547852  1463.86743164
    -498.42089844  -251.31546021]
  [ -173.22422791  -867.39691162  -173.08686829    68.32133484
     999.38342285   628.17773438   787.06866455  -196.4243927
    -647.86029053  -665.88592529   691.79351807  1285.82653809
    -318.49472046  -285.91699219]
  [  -37.03622818 -1278.53601074  -445.74542236   242.12081909
     913.96563721   204.31170654   204.45155334  -544.04296875
    -452.02249146  -155.38742065   195.8069458    830.31524658
    -489.13601685  -248.47349548]
  [   24.35321808 -1014.8505249   -585.68676758   -75.04309082
     135.68644714   235.87257385   139.27603149  -443.52047729
     215.51359558  -225.60832214  -271.08605957   502.26306152
    -708.03717041    72.28092194]]

 [[ -939.75927734  -447.48556519   233.35392761  -664.43414307
     732.88549805    21.32287788   727.58563232   301.02978516
   -1274.45666504  -477.80630493  1054.1315918    625.51293945
    -164.17762756  -141.15467834]
  [ -113.02763367  -449.41430664    45.64644241  -572.63751221
     387.60931396   297.63616943   797.55755615   139.38853455
   -1214.81005859  -812.73071289   995.91748047  1161.17150879
    -354.6137085    -28.54485703]
  [  -84.01863098  -707.27258301   156.31056213   -43.5206604
     575.44927979   267.19534302   787.53222656   223.14840698
    -759.91760254  -794.14416504   653.0723877   1021.19165039
    -403.87268066   -12.42616844]
  [  -72.78990173  -734.02661133   153.35374451   -36.64893723
     655.07495117   368.39746094   624.13116455   293.77835083
    -705.42425537  -764.99450684   776.12176514  1022.62988281
    -548.59161377   -27.52583504]
  [ -138.84065247  -820.19244385    83.81745911  -110.2538681    682.3717041
     411.42764282   607.95220947   308.28866577  -666.06365967
    -882.46777344   711.5145874   1108.86035156  -603.40557861
    -101.43447113]
  [  -61.28255081 -1101.65307617   -83.56505585   117.31504822
     913.20690918   651.57739258   635.84509277   121.59720612
    -578.00543213  -655.58544922   781.41162109  1064.18334961
    -492.92630005  -144.0909729 ]
  [  178.08169556 -1552.30285645  -306.89385986   234.23405457
     873.19854736   114.97787476   249.66070557  -294.26766968
    -493.17318726   -94.65368652   490.58789062   577.70062256
    -537.63513184    40.00478745]
  [  208.04466248 -1094.59802246  -364.87799072  -136.14639282
     163.72674561    80.479599     214.01426697  -355.96835327
      55.91602707  -286.05752563   -25.66903496   426.68569946
    -667.48828125   223.96594238]]

 [[ -769.74279785  -335.38546753   535.32275391  -528.93817139
     610.38995361   232.85954285   903.26751709   610.40234375
    -842.01116943  -598.76525879   552.18493652   368.04122925
    -566.07348633   172.47848511]
  [ -204.2911377    -62.29786682   727.36975098   -12.63366508
     434.96722412   293.04995728   841.2232666    582.86663818
    -566.88299561  -978.46911621   727.45495605   738.25689697
    -737.24853516   -97.64569092]
  [ -197.90618896  -250.00715637   824.08398438   193.55175781
     242.35290527   343.35140991   880.11877441   303.63412476
    -393.10092163  -940.32714844   647.39434814   580.76727295
    -628.19091797   -77.64865875]
  [ -282.0524292   -325.47177124   903.4107666    156.99237061
     308.07733154   466.98544312   755.97851562   362.07162476
    -447.63763428  -954.68762207   673.71234131   675.85601807
    -690.17236328  -180.1595459 ]
  [ -366.07998657  -233.95552063   798.88848877   259.16995239
     351.51837158   609.89160156   773.77490234   405.1026001
    -408.05401611 -1086.53039551   587.62646484   575.40899658
    -759.89648438  -212.10227966]
  [ -290.41226196  -549.31066895   574.515625     469.93161011
     637.62286377   588.31781006   705.42163086   188.57519531
    -217.19943237  -855.42907715   776.41455078   769.19903564
    -664.16265869  -385.4513855 ]
  [ -170.20765686 -1014.6192627    335.73294067   325.00378418
     639.88116455   -19.6799984    310.70483398  -196.18405151
    -369.34420776  -319.26745605   678.47851562   309.00405884
    -556.94946289  -220.43228149]
  [ -163.8682251   -538.43493652   253.19644165  -188.00488281
    -353.04244995  -298.04528809   219.41294861  -301.36688232
     -47.75091171  -493.58349609   375.22998047   -45.45534515
    -677.88677979  -363.58654785]]

 [[ -763.769104     311.76608276   161.61906433  -388.8555603
     145.03327942   301.4909668    417.14505005   358.75750732
    -585.02301025  -792.71038818   299.62173462   513.46948242
    -234.41896057    24.41410828]
  [ -465.74606323   238.89863586   269.45346069   115.6078186     81.7035675
     313.1918335    210.16941833   311.46905518  -264.76620483
   -1093.79760742   259.51342773   748.42590332  -254.61250305
    -390.5173645 ]
  [ -442.26696777    30.20472145   193.043396     138.41316223
    -139.06825256   247.49617004   286.86425781   -59.5718956
      25.39229012 -1303.86096191    41.37552261   759.27563477
    -288.90524292  -564.60083008]
  [ -467.20379639    41.07593155   216.13172913   115.05437469
    -116.21047211   358.37817383   267.51272583   -92.67629242
      15.41682053 -1359.67590332   225.5632782    841.39764404
    -346.77648926  -612.38549805]
  [ -331.55401611    61.72079468   225.19700623   239.58882141
     -17.18052483   413.39385986   262.59793091    -2.55322337
     -20.74630737 -1359.68212891   204.76213074   834.61431885
    -302.22909546  -582.20800781]
  [ -326.2159729   -155.29647827     2.92875934   323.17199707
     255.66552734   462.40771484   436.85726929  -188.98913574
      65.54934692 -1083.21618652   373.63323975   884.45092773
    -383.61807251  -849.14471436]
  [ -351.59750366  -509.68908691   -50.61707687   265.96469116
     428.75003052    58.7185936     88.27332306  -491.54138184
     -31.10156059  -808.47802734   142.23364258   536.69036865
    -526.59710693  -783.41290283]
  [ -492.21026611  -621.82403564  -151.40859985   -94.57910156
    -503.88674927  -366.80462646    11.16142845  -546.89666748
     216.22567749  -641.50518799    11.86006069    13.16502571
    -322.99356079  -779.4196167 ]]]
