[[[  1862.63110352      0.              0.              0.              0.
        0.           7638.67138672      0.              0.          15528.40429688
        0.            785.02935791      0.           1926.81872559]
  [     0.              0.              0.              0.              0.
        0.           7989.44189453      0.            570.87994385
     4567.86474609      0.              0.              0.           4674.61132812]]

 [[  1122.78588867      0.              0.              0.              0.
        0.             81.89888         0.              0.           5277.33984375
        0.           4817.0234375       0.           6881.13476562]
  [     0.              0.              0.            625.45300293      0.
        0.              0.              0.            952.24298096      0.
        0.              0.              0.           3595.30737305]]]
