[[[     0.              0.              0.              0.          14778.10351562
        0.              0.          37417.27734375   7742.03955078      0.
    21266.828125    14760.74804688  50398.35546875      0.        ]
  [     0.              0.              0.              0.          14780.7109375
        0.           2236.95043945  27320.42773438  30711.96289062      0.
        0.          12407.88574219   6706.09228516      0.        ]]

 [[     0.              0.          19632.97851562      0.          14076.80957031
        0.           2217.12939453  20884.22070312      0.           3199.70825195
        0.              0.          45951.31640625      0.        ]
  [  1389.86584473      0.              0.              0.              0.
        0.            956.43353271      0.              0.            497.73660278
    16441.25390625      0.           8826.84667969      0.        ]]]
