[[[ -16.63643646  -11.88014793  -29.05556488 ...,  -72.54537201
     16.74370003   -7.93860626]
  [  15.5278635   -19.21051407  -15.25192738 ...,  -72.31997681
     -4.55676174  -51.97798538]
  [   2.6227119   -19.58242607  -26.68400764 ...,  -92.83360291
      6.84420919  -64.10887146]
  ..., 
  [ -18.25734138  -10.81606293  -21.02197266 ..., -103.77546692
     22.54185104  -63.30020523]
  [  -7.19549084   37.21158218   -7.14627981 ...,  -82.51243591
     18.18026733  -49.01793289]
  [  25.0113945   -22.95227242   -7.9129777  ...,  -61.27815247
     19.7371273   -66.23040009]]

 [[ -18.99075699  -26.81674194  -76.02993774 ...,  -67.64703369
     35.67438507  -37.86907196]
  [  -7.04807854  -26.89895821  -54.28313446 ...,  -73.205513     28.32449722
   -102.28236389]
  [ -14.57654476  -20.07194519  -53.8715477  ...,  -91.61001587
     15.69330883  -79.82238007]
  ..., 
  [ -30.14261055  -27.38323402  -80.45595551 ...,  -90.3397522
     17.73945618  -79.96652222]
  [  -1.97977698   33.12110519  -32.52555847 ...,  -62.15705872
     30.7566967   -54.43807602]
  [   8.12301064  -23.21473122  -33.52488708 ...,  -42.17879868
     16.46772385  -59.87700272]]

 [[ -31.37340927  -50.27853012  -46.88662338 ...,  -63.69405746
    -12.76279926  -23.43274689]
  [   3.91847539  -22.45566368  -36.54706192 ...,  -95.28646088
     10.46030998  -87.30056   ]
  [ -14.61782646   -6.32696962  -45.27001572 ...,  -97.03818512
      7.30712605  -79.15686035]
  ..., 
  [ -26.27673721  -45.29901123  -65.68052673 ...,  -79.26477051
     17.37573051  -88.28027344]
  [   9.46974659   22.63321686  -31.78949928 ...,  -40.98565674
     35.53813171  -45.64748001]
  [  22.84013557   -3.04631805  -22.66433525 ...,  -30.56882286
     33.91777802  -36.43179321]]

 ..., 
 [[ -16.05594444  -31.72546959  -16.30963898 ...,  -27.78332901
     -8.51362801   -8.99323082]
  [   4.3701272   -21.42974091  -18.83338737 ...,  -34.94266891
      2.8612895   -36.09009552]
  [  -3.75027037  -10.76076603  -25.26688004 ...,  -45.96022797
      9.37913704  -49.02378464]
  ..., 
  [ -20.42113113  -16.63897514  -29.01138306 ...,  -29.8197155
      7.37412167  -36.5513649 ]
  [  12.96433067   12.5172987   -10.96465969 ...,  -17.60599518
     22.89656448  -20.05722046]
  [  12.14667606   -0.23550433  -15.11822224 ...,  -14.64092255
     14.63523197  -12.98289013]]

 [[ -12.98775864  -17.46726418  -11.14624786 ...,  -25.39357758
     -2.28383875  -12.29183197]
  [ -13.87473869   -5.59566689   -8.30230045 ...,  -31.06952858
      1.92839777  -42.44001389]
  [ -18.50724602    0.66619933   -9.54724693 ...,  -20.08824539
      6.08508778  -47.26197433]
  ..., 
  [ -17.33782005  -11.33746815  -18.57379532 ...,  -13.55781841
      0.75440127  -31.47615051]
  [   4.26946592   10.91253281    4.15217209 ...,    1.8735311
     17.43642235  -16.75482559]
  [   6.05111599    4.79210138   -0.92050076 ...,    0.56704473
      4.48358488   -1.49948859]]

 [[  -6.71972132   -9.39259815   -6.33308601 ...,  -16.72953033
     -4.4183197   -15.11336136]
  [  -3.71307182   -7.64493132   -8.09975147 ...,  -23.39972878
      5.33775902  -25.25021362]
  [  -7.11588097   -9.30293179   -9.80491734 ...,   -4.03609705
      4.26471853  -24.04917908]
  ..., 
  [   1.61311877  -12.97480106  -18.08324814 ...,    2.4699235
     -1.23833513   -7.44705582]
  [  14.45136166    1.44733703   -2.61479115 ...,   16.60082626
     11.37609673    2.70472836]
  [   7.33067083    4.85438681    0.39009094 ...,   11.82457638
     10.59024143   18.93959045]]]
