[[[  3.86691809e+00   0.00000000e+00   6.58576310e-01 ...,   0.00000000e+00
     3.02784848e+00   1.35260296e+00]
  [  9.72747207e-01   0.00000000e+00   1.73665738e+00 ...,   9.30369943e-02
     5.07395315e+00   1.20509315e+00]
  [  6.22974157e-01   0.00000000e+00   0.00000000e+00 ...,   0.00000000e+00
     3.75893283e+00   1.56226397e+00]
  ..., 
  [  0.00000000e+00   0.00000000e+00   0.00000000e+00 ...,   0.00000000e+00
     1.95479178e+00   1.73059428e+00]
  [  0.00000000e+00   0.00000000e+00   0.00000000e+00 ...,   0.00000000e+00
     1.91944456e+00   2.26656151e+00]
  [  0.00000000e+00   0.00000000e+00   0.00000000e+00 ...,   0.00000000e+00
     5.41699588e-01   1.05042195e+00]]

 [[  4.15219927e+00   0.00000000e+00   1.15287399e+00 ...,   0.00000000e+00
     2.18866396e+00   1.08280945e+00]
  [  6.71691239e-01   4.52640876e-02   6.77998245e-01 ...,   0.00000000e+00
     3.03893971e+00   0.00000000e+00]
  [  2.18371201e+00   0.00000000e+00   0.00000000e+00 ...,   0.00000000e+00
     1.34689403e+00   0.00000000e+00]
  ..., 
  [  2.45464301e+00   4.55249369e-01   0.00000000e+00 ...,   0.00000000e+00
     0.00000000e+00   0.00000000e+00]
  [  1.88380098e+00   2.80705881e+00   0.00000000e+00 ...,   0.00000000e+00
     1.81282711e+00   0.00000000e+00]
  [  4.47413385e-01   1.01700783e+00   0.00000000e+00 ...,   0.00000000e+00
     6.23536855e-03   0.00000000e+00]]

 [[  4.13623285e+00   0.00000000e+00   0.00000000e+00 ...,   0.00000000e+00
     3.31702828e+00   0.00000000e+00]
  [  0.00000000e+00   3.90209556e-01   0.00000000e+00 ...,   0.00000000e+00
     4.09930754e+00   0.00000000e+00]
  [  2.48462892e+00   4.16706175e-01   0.00000000e+00 ...,   0.00000000e+00
     0.00000000e+00   0.00000000e+00]
  ..., 
  [  9.30823207e-01   4.43039268e-01   0.00000000e+00 ...,   0.00000000e+00
     0.00000000e+00   0.00000000e+00]
  [  0.00000000e+00   3.56215048e+00   0.00000000e+00 ...,   0.00000000e+00
     0.00000000e+00   0.00000000e+00]
  [  4.93951797e-01   0.00000000e+00   0.00000000e+00 ...,   0.00000000e+00
     0.00000000e+00   0.00000000e+00]]

 ..., 
 [[  4.74479854e-01   0.00000000e+00   0.00000000e+00 ...,   1.71229944e-01
     4.90761936e-01   0.00000000e+00]
  [  1.68249264e-01   3.25424597e-03   0.00000000e+00 ...,   0.00000000e+00
     8.39962244e-01   0.00000000e+00]
  [  5.90251148e-01   8.82530332e-01   0.00000000e+00 ...,   0.00000000e+00
     5.21483243e-01   0.00000000e+00]
  ..., 
  [  2.79234767e-01   7.12876320e-01   0.00000000e+00 ...,   0.00000000e+00
     0.00000000e+00   0.00000000e+00]
  [  6.57783508e-01   5.61242044e-01   0.00000000e+00 ...,   0.00000000e+00
     0.00000000e+00   0.00000000e+00]
  [  4.52454090e-01   0.00000000e+00   0.00000000e+00 ...,   0.00000000e+00
     1.14763021e+00   0.00000000e+00]]

 [[  1.82083994e-01   1.37790188e-01   0.00000000e+00 ...,   3.02021243e-02
     6.22998536e-01   5.77876270e-02]
  [  5.84377572e-02   0.00000000e+00   0.00000000e+00 ...,   0.00000000e+00
     4.75384116e-01   0.00000000e+00]
  [  4.93812382e-01   2.97653258e-01   0.00000000e+00 ...,   0.00000000e+00
     6.68546677e-01   0.00000000e+00]
  ..., 
  [  5.00554919e-01   1.17298596e-01   0.00000000e+00 ...,   0.00000000e+00
     2.35366240e-01   0.00000000e+00]
  [  1.12710977e+00   8.10790479e-01   0.00000000e+00 ...,   1.25647843e-01
     1.17207360e+00   0.00000000e+00]
  [  0.00000000e+00   7.80490220e-01   0.00000000e+00 ...,   0.00000000e+00
     1.02306604e+00   0.00000000e+00]]

 [[  0.00000000e+00   2.73326069e-01   0.00000000e+00 ...,   0.00000000e+00
     6.81519985e-01   0.00000000e+00]
  [  0.00000000e+00   7.39128590e-02   0.00000000e+00 ...,   0.00000000e+00
     4.25810754e-01   0.00000000e+00]
  [  3.07717800e-01   5.67112863e-01   0.00000000e+00 ...,   0.00000000e+00
     2.08448052e-01   0.00000000e+00]
  ..., 
  [  5.16026497e-01   1.24914134e+00   0.00000000e+00 ...,   0.00000000e+00
     8.42620730e-01   0.00000000e+00]
  [  1.06835306e+00   1.85740554e+00   0.00000000e+00 ...,   0.00000000e+00
     2.24638805e-01   0.00000000e+00]
  [  9.80902553e-01   6.73530102e-01   0.00000000e+00 ...,   0.00000000e+00
     4.78425503e-01   0.00000000e+00]]]
