[[[  0.00000000e+00   0.00000000e+00   0.00000000e+00   0.00000000e+00
     0.00000000e+00   0.00000000e+00   2.77643402e+02   0.00000000e+00
     0.00000000e+00   0.00000000e+00   0.00000000e+00   0.00000000e+00
     0.00000000e+00   0.00000000e+00]
  [  0.00000000e+00   0.00000000e+00   1.25846237e+02   0.00000000e+00
     0.00000000e+00   0.00000000e+00   0.00000000e+00   0.00000000e+00
     0.00000000e+00   0.00000000e+00   0.00000000e+00   0.00000000e+00
     0.00000000e+00   0.00000000e+00]
  [  0.00000000e+00   0.00000000e+00   2.08367966e+02   0.00000000e+00
     0.00000000e+00   0.00000000e+00   0.00000000e+00   0.00000000e+00
     0.00000000e+00   0.00000000e+00   0.00000000e+00   0.00000000e+00
     0.00000000e+00   0.00000000e+00]
  [  0.00000000e+00   0.00000000e+00   2.02158096e+02   0.00000000e+00
     0.00000000e+00   0.00000000e+00   0.00000000e+00   0.00000000e+00
     0.00000000e+00   0.00000000e+00   0.00000000e+00   0.00000000e+00
     0.00000000e+00   0.00000000e+00]
  [  0.00000000e+00   0.00000000e+00   3.57375519e+02   0.00000000e+00
     0.00000000e+00   0.00000000e+00   0.00000000e+00   0.00000000e+00
     0.00000000e+00   0.00000000e+00   0.00000000e+00   0.00000000e+00
     0.00000000e+00   0.00000000e+00]
  [  0.00000000e+00   0.00000000e+00   3.08735107e+02   0.00000000e+00
     0.00000000e+00   0.00000000e+00   0.00000000e+00   5.01188698e+01
     0.00000000e+00   0.00000000e+00   0.00000000e+00   0.00000000e+00
     0.00000000e+00   0.00000000e+00]
  [  0.00000000e+00   0.00000000e+00   1.04202080e+02   0.00000000e+00
     0.00000000e+00   0.00000000e+00   0.00000000e+00   0.00000000e+00
     0.00000000e+00   0.00000000e+00   0.00000000e+00   0.00000000e+00
     0.00000000e+00   0.00000000e+00]
  [  0.00000000e+00   0.00000000e+00   3.37659546e+02   0.00000000e+00
     0.00000000e+00   0.00000000e+00   0.00000000e+00   2.63240326e+02
     0.00000000e+00   0.00000000e+00   0.00000000e+00   0.00000000e+00
     0.00000000e+00   0.00000000e+00]]

 [[  0.00000000e+00   0.00000000e+00   5.37212868e+01   0.00000000e+00
     0.00000000e+00   0.00000000e+00   8.63732159e-01   0.00000000e+00
     0.00000000e+00   0.00000000e+00   0.00000000e+00   0.00000000e+00
     0.00000000e+00   0.00000000e+00]
  [  0.00000000e+00   0.00000000e+00   3.45948730e+02   0.00000000e+00
     0.00000000e+00   0.00000000e+00   0.00000000e+00   0.00000000e+00
     0.00000000e+00   0.00000000e+00   0.00000000e+00   0.00000000e+00
     0.00000000e+00   0.00000000e+00]
  [  0.00000000e+00   0.00000000e+00   3.75433075e+02   0.00000000e+00
     0.00000000e+00   1.33908361e-01   0.00000000e+00   2.08827362e+01
     0.00000000e+00   0.00000000e+00   0.00000000e+00   0.00000000e+00
     0.00000000e+00   0.00000000e+00]
  [  0.00000000e+00   0.00000000e+00   4.22817749e+02   0.00000000e+00
     0.00000000e+00   0.00000000e+00   0.00000000e+00   0.00000000e+00
     0.00000000e+00   0.00000000e+00   0.00000000e+00   0.00000000e+00
     0.00000000e+00   0.00000000e+00]
  [  0.00000000e+00   0.00000000e+00   3.94305969e+02   0.00000000e+00
     0.00000000e+00   0.00000000e+00   0.00000000e+00   0.00000000e+00
     0.00000000e+00   0.00000000e+00   0.00000000e+00   0.00000000e+00
     0.00000000e+00   0.00000000e+00]
  [  0.00000000e+00   0.00000000e+00   4.44353973e+02   0.00000000e+00
     0.00000000e+00   6.97533875e+01   0.00000000e+00   0.00000000e+00
     0.00000000e+00   0.00000000e+00   0.00000000e+00   0.00000000e+00
     0.00000000e+00   0.00000000e+00]
  [  0.00000000e+00   0.00000000e+00   3.76649200e+02   0.00000000e+00
     0.00000000e+00   0.00000000e+00   0.00000000e+00   0.00000000e+00
     0.00000000e+00   0.00000000e+00   0.00000000e+00   0.00000000e+00
     0.00000000e+00   0.00000000e+00]
  [  0.00000000e+00   0.00000000e+00   4.84360779e+02   0.00000000e+00
     0.00000000e+00   0.00000000e+00   0.00000000e+00   1.67688797e+02
     0.00000000e+00   0.00000000e+00   0.00000000e+00   0.00000000e+00
     0.00000000e+00   0.00000000e+00]]

 [[  0.00000000e+00   0.00000000e+00   0.00000000e+00   0.00000000e+00
     0.00000000e+00   0.00000000e+00   0.00000000e+00   0.00000000e+00
     0.00000000e+00   0.00000000e+00   0.00000000e+00   0.00000000e+00
     0.00000000e+00   0.00000000e+00]
  [  0.00000000e+00   0.00000000e+00   8.73234940e+01   0.00000000e+00
     0.00000000e+00   0.00000000e+00   0.00000000e+00   0.00000000e+00
     0.00000000e+00   0.00000000e+00   0.00000000e+00   0.00000000e+00
     0.00000000e+00   0.00000000e+00]
  [  0.00000000e+00   0.00000000e+00   1.30645493e+02   0.00000000e+00
     0.00000000e+00   0.00000000e+00   0.00000000e+00   1.34479156e+02
     0.00000000e+00   0.00000000e+00   0.00000000e+00   0.00000000e+00
     0.00000000e+00   0.00000000e+00]
  [  0.00000000e+00   0.00000000e+00   2.59892273e+02   0.00000000e+00
     0.00000000e+00   0.00000000e+00   0.00000000e+00   2.21242615e+02
     0.00000000e+00   0.00000000e+00   0.00000000e+00   0.00000000e+00
     0.00000000e+00   0.00000000e+00]
  [  0.00000000e+00   0.00000000e+00   1.04923813e+02   0.00000000e+00
     0.00000000e+00   5.61771240e+01   0.00000000e+00   1.66763123e+02
     0.00000000e+00   0.00000000e+00   0.00000000e+00   0.00000000e+00
     0.00000000e+00   0.00000000e+00]
  [  0.00000000e+00   0.00000000e+00   2.60983124e+02   0.00000000e+00
     0.00000000e+00   1.02694336e+02   0.00000000e+00   2.25149174e+01
     0.00000000e+00   0.00000000e+00   0.00000000e+00   0.00000000e+00
     0.00000000e+00   0.00000000e+00]
  [  0.00000000e+00   0.00000000e+00   3.92574249e+02   0.00000000e+00
     0.00000000e+00   0.00000000e+00   0.00000000e+00   0.00000000e+00
     0.00000000e+00   0.00000000e+00   0.00000000e+00   0.00000000e+00
     0.00000000e+00   0.00000000e+00]
  [  0.00000000e+00   0.00000000e+00   3.96319458e+02   0.00000000e+00
     0.00000000e+00   0.00000000e+00   0.00000000e+00   6.20561447e+01
     0.00000000e+00   0.00000000e+00   0.00000000e+00   0.00000000e+00
     0.00000000e+00   0.00000000e+00]]

 [[  0.00000000e+00   0.00000000e+00   0.00000000e+00   0.00000000e+00
     0.00000000e+00   0.00000000e+00   0.00000000e+00   0.00000000e+00
     0.00000000e+00   0.00000000e+00   0.00000000e+00   0.00000000e+00
     0.00000000e+00   0.00000000e+00]
  [  0.00000000e+00   0.00000000e+00   9.49028931e+01   0.00000000e+00
     0.00000000e+00   0.00000000e+00   0.00000000e+00   0.00000000e+00
     0.00000000e+00   0.00000000e+00   0.00000000e+00   0.00000000e+00
     0.00000000e+00   0.00000000e+00]
  [  0.00000000e+00   0.00000000e+00   1.28115921e+02   0.00000000e+00
     0.00000000e+00   0.00000000e+00   0.00000000e+00   2.12842651e+02
     0.00000000e+00   0.00000000e+00   0.00000000e+00   0.00000000e+00
     0.00000000e+00   0.00000000e+00]
  [  0.00000000e+00   0.00000000e+00   2.11233322e+02   0.00000000e+00
     0.00000000e+00   0.00000000e+00   0.00000000e+00   3.00370728e+02
     0.00000000e+00   0.00000000e+00   0.00000000e+00   0.00000000e+00
     0.00000000e+00   0.00000000e+00]
  [  0.00000000e+00   0.00000000e+00   0.00000000e+00   0.00000000e+00
     0.00000000e+00   0.00000000e+00   0.00000000e+00   1.58354416e+02
     0.00000000e+00   0.00000000e+00   0.00000000e+00   0.00000000e+00
     0.00000000e+00   0.00000000e+00]
  [  0.00000000e+00   0.00000000e+00   1.23302841e+02   0.00000000e+00
     0.00000000e+00   1.15033752e+02   0.00000000e+00   2.10081299e+02
     0.00000000e+00   0.00000000e+00   0.00000000e+00   0.00000000e+00
     0.00000000e+00   0.00000000e+00]
  [  0.00000000e+00   0.00000000e+00   3.14932373e+02   0.00000000e+00
     0.00000000e+00   0.00000000e+00   0.00000000e+00   0.00000000e+00
     0.00000000e+00   0.00000000e+00   0.00000000e+00   0.00000000e+00
     0.00000000e+00   0.00000000e+00]
  [  0.00000000e+00   0.00000000e+00   3.62954041e+02   0.00000000e+00
     0.00000000e+00   0.00000000e+00   0.00000000e+00   2.29115204e+02
     0.00000000e+00   0.00000000e+00   0.00000000e+00   0.00000000e+00
     0.00000000e+00   0.00000000e+00]]

 [[  0.00000000e+00   0.00000000e+00   0.00000000e+00   0.00000000e+00
     0.00000000e+00   0.00000000e+00   0.00000000e+00   0.00000000e+00
     0.00000000e+00   0.00000000e+00   0.00000000e+00   0.00000000e+00
     0.00000000e+00   0.00000000e+00]
  [  0.00000000e+00   0.00000000e+00   0.00000000e+00   0.00000000e+00
     0.00000000e+00   0.00000000e+00   0.00000000e+00   0.00000000e+00
     0.00000000e+00   0.00000000e+00   0.00000000e+00   0.00000000e+00
     0.00000000e+00   0.00000000e+00]
  [  0.00000000e+00   0.00000000e+00   5.58724327e+01   0.00000000e+00
     0.00000000e+00   0.00000000e+00   0.00000000e+00   2.53337524e+02
     0.00000000e+00   0.00000000e+00   0.00000000e+00   0.00000000e+00
     0.00000000e+00   0.00000000e+00]
  [  0.00000000e+00   0.00000000e+00   6.01606483e+01   0.00000000e+00
     0.00000000e+00   0.00000000e+00   0.00000000e+00   2.08581558e+02
     0.00000000e+00   0.00000000e+00   0.00000000e+00   0.00000000e+00
     0.00000000e+00   0.00000000e+00]
  [  0.00000000e+00   0.00000000e+00   5.08779526e+00   0.00000000e+00
     0.00000000e+00   0.00000000e+00   0.00000000e+00   1.57772339e+02
     0.00000000e+00   0.00000000e+00   0.00000000e+00   0.00000000e+00
     0.00000000e+00   0.00000000e+00]
  [  0.00000000e+00   0.00000000e+00   6.88985825e+01   0.00000000e+00
     0.00000000e+00   0.00000000e+00   0.00000000e+00   9.10389175e+01
     0.00000000e+00   0.00000000e+00   0.00000000e+00   0.00000000e+00
     0.00000000e+00   0.00000000e+00]
  [  0.00000000e+00   0.00000000e+00   2.55181122e+02   0.00000000e+00
     0.00000000e+00   0.00000000e+00   0.00000000e+00   0.00000000e+00
     0.00000000e+00   0.00000000e+00   0.00000000e+00   0.00000000e+00
     0.00000000e+00   0.00000000e+00]
  [  0.00000000e+00   0.00000000e+00   3.02997375e+02   0.00000000e+00
     0.00000000e+00   0.00000000e+00   0.00000000e+00   1.86812241e+02
     0.00000000e+00   0.00000000e+00   0.00000000e+00   0.00000000e+00
     0.00000000e+00   0.00000000e+00]]

 [[  0.00000000e+00   0.00000000e+00   0.00000000e+00   0.00000000e+00
     0.00000000e+00   0.00000000e+00   0.00000000e+00   0.00000000e+00
     0.00000000e+00   0.00000000e+00   0.00000000e+00   0.00000000e+00
     0.00000000e+00   0.00000000e+00]
  [  0.00000000e+00   0.00000000e+00   1.25545151e+02   0.00000000e+00
     0.00000000e+00   0.00000000e+00   0.00000000e+00   0.00000000e+00
     0.00000000e+00   0.00000000e+00   0.00000000e+00   0.00000000e+00
     0.00000000e+00   0.00000000e+00]
  [  0.00000000e+00   0.00000000e+00   1.69561432e+02   0.00000000e+00
     0.00000000e+00   0.00000000e+00   0.00000000e+00   2.20638596e+02
     0.00000000e+00   0.00000000e+00   0.00000000e+00   0.00000000e+00
     0.00000000e+00   0.00000000e+00]
  [  0.00000000e+00   0.00000000e+00   2.03094803e+02   0.00000000e+00
     0.00000000e+00   0.00000000e+00   0.00000000e+00   2.20539124e+02
     0.00000000e+00   0.00000000e+00   0.00000000e+00   0.00000000e+00
     0.00000000e+00   0.00000000e+00]
  [  0.00000000e+00   0.00000000e+00   1.08441803e+02   0.00000000e+00
     0.00000000e+00   0.00000000e+00   0.00000000e+00   2.11212677e+02
     0.00000000e+00   0.00000000e+00   0.00000000e+00   0.00000000e+00
     0.00000000e+00   0.00000000e+00]
  [  0.00000000e+00   0.00000000e+00   2.86047535e+01   0.00000000e+00
     0.00000000e+00   3.48396454e+01   0.00000000e+00   7.62897491e+01
     0.00000000e+00   0.00000000e+00   0.00000000e+00   0.00000000e+00
     0.00000000e+00   0.00000000e+00]
  [  0.00000000e+00   0.00000000e+00   2.41884247e+02   0.00000000e+00
     0.00000000e+00   0.00000000e+00   0.00000000e+00   0.00000000e+00
     0.00000000e+00   0.00000000e+00   0.00000000e+00   0.00000000e+00
     0.00000000e+00   0.00000000e+00]
  [  0.00000000e+00   0.00000000e+00   2.61694214e+02   0.00000000e+00
     0.00000000e+00   0.00000000e+00   0.00000000e+00   1.50017004e+01
     0.00000000e+00   0.00000000e+00   0.00000000e+00   0.00000000e+00
     0.00000000e+00   0.00000000e+00]]

 [[  0.00000000e+00   0.00000000e+00   0.00000000e+00   0.00000000e+00
     6.72702560e+01   7.05008698e+01   0.00000000e+00   0.00000000e+00
     0.00000000e+00   0.00000000e+00   0.00000000e+00   1.41546890e+02
     0.00000000e+00   0.00000000e+00]
  [  0.00000000e+00   0.00000000e+00   1.12171394e+02   0.00000000e+00
     0.00000000e+00   1.29459496e+01   0.00000000e+00   0.00000000e+00
     0.00000000e+00   0.00000000e+00   0.00000000e+00   7.37863846e+01
     0.00000000e+00   0.00000000e+00]
  [  0.00000000e+00   0.00000000e+00   2.58562374e+01   0.00000000e+00
     0.00000000e+00   9.81745148e+01   0.00000000e+00   1.73731583e+02
     0.00000000e+00   0.00000000e+00   0.00000000e+00   0.00000000e+00
     0.00000000e+00   0.00000000e+00]
  [  0.00000000e+00   0.00000000e+00   1.19641479e+02   0.00000000e+00
     0.00000000e+00   6.49175110e+01   0.00000000e+00   2.51355530e+02
     0.00000000e+00   0.00000000e+00   0.00000000e+00   0.00000000e+00
     0.00000000e+00   0.00000000e+00]
  [  0.00000000e+00   0.00000000e+00   0.00000000e+00   5.61628723e+00
     0.00000000e+00   1.72906693e+02   0.00000000e+00   2.32624512e+02
     0.00000000e+00   0.00000000e+00   0.00000000e+00   0.00000000e+00
     0.00000000e+00   0.00000000e+00]
  [  0.00000000e+00   0.00000000e+00   0.00000000e+00   0.00000000e+00
     0.00000000e+00   2.51998489e+02   0.00000000e+00   2.33816406e+02
     0.00000000e+00   0.00000000e+00   0.00000000e+00   0.00000000e+00
     0.00000000e+00   0.00000000e+00]
  [  0.00000000e+00   0.00000000e+00   4.23814087e+01   0.00000000e+00
     0.00000000e+00   9.36452332e+01   0.00000000e+00   6.42948380e+01
     0.00000000e+00   0.00000000e+00   0.00000000e+00   0.00000000e+00
     0.00000000e+00   0.00000000e+00]
  [  0.00000000e+00   0.00000000e+00   6.00109520e+01   1.94715843e+01
     0.00000000e+00   0.00000000e+00   0.00000000e+00   1.75888855e+02
     0.00000000e+00   0.00000000e+00   0.00000000e+00   0.00000000e+00
     0.00000000e+00   0.00000000e+00]]

 [[  0.00000000e+00   0.00000000e+00   0.00000000e+00   0.00000000e+00
     5.93676414e+01   9.42405319e+01   0.00000000e+00   0.00000000e+00
     0.00000000e+00   0.00000000e+00   0.00000000e+00   2.54738064e+01
     0.00000000e+00   0.00000000e+00]
  [  0.00000000e+00   0.00000000e+00   1.88020515e+01   9.78842926e+01
     0.00000000e+00   2.16874817e+02   0.00000000e+00   0.00000000e+00
     0.00000000e+00   0.00000000e+00   0.00000000e+00   0.00000000e+00
     0.00000000e+00   0.00000000e+00]
  [  0.00000000e+00   0.00000000e+00   0.00000000e+00   1.31956299e+02
     0.00000000e+00   1.40711853e+02   0.00000000e+00   9.69134903e+01
     0.00000000e+00   0.00000000e+00   0.00000000e+00   0.00000000e+00
     0.00000000e+00   0.00000000e+00]
  [  0.00000000e+00   0.00000000e+00   9.61237640e+01   1.11199661e+02
     0.00000000e+00   1.68903366e+02   0.00000000e+00   1.33344727e+02
     0.00000000e+00   0.00000000e+00   0.00000000e+00   0.00000000e+00
     0.00000000e+00   0.00000000e+00]
  [  0.00000000e+00   0.00000000e+00   9.15920715e+01   9.30820465e+01
     0.00000000e+00   1.47978897e+02   0.00000000e+00   1.79042160e+02
     0.00000000e+00   0.00000000e+00   0.00000000e+00   0.00000000e+00
     0.00000000e+00   0.00000000e+00]
  [  0.00000000e+00   0.00000000e+00   0.00000000e+00   6.55075836e+01
     0.00000000e+00   1.56393631e+02   0.00000000e+00   4.73247719e+01
     0.00000000e+00   0.00000000e+00   0.00000000e+00   0.00000000e+00
     0.00000000e+00   0.00000000e+00]
  [  0.00000000e+00   0.00000000e+00   3.61054535e+01   0.00000000e+00
     0.00000000e+00   0.00000000e+00   0.00000000e+00   0.00000000e+00
     0.00000000e+00   0.00000000e+00   0.00000000e+00   0.00000000e+00
     0.00000000e+00   0.00000000e+00]
  [  0.00000000e+00   0.00000000e+00   0.00000000e+00   4.77184105e+01
     0.00000000e+00   0.00000000e+00   0.00000000e+00   1.06932671e+02
     0.00000000e+00   0.00000000e+00   0.00000000e+00   0.00000000e+00
     0.00000000e+00   0.00000000e+00]]]
