[[[  3.38255048   0.86742073   0.67180091 ...,   0.54965091   3.10805631
     0.33125424]
  [  1.2901665   -2.71049285   1.68211365 ...,   1.09492493   1.77563584
     1.19393229]
  [ -2.202281    -2.54414773  -2.83593559 ...,  -3.96064591   2.28085136
     1.17026532]
  ..., 
  [  3.36089277  -0.3143841   -3.49049449 ...,  -0.86032844   3.89993095
     0.9749046 ]
  [ -1.59020138  -0.43113267  -1.31811428 ...,  -1.25052953   3.75509334
     2.09748864]
  [ -2.42510295  -3.28654122  -5.45857143 ...,  -2.87194753  -0.31758833
     1.75931764]]

 [[  3.92833567   0.57485819   0.62064439 ...,   1.7655071    3.03604889
    -1.03588974]
  [  2.85134506   1.41656649  -0.89915121 ...,   0.31924173   2.95390081
     0.17594813]
  [  0.27776545  -2.60942459  -1.15180683 ...,  -3.27729368  -0.76067078
    -1.21270323]
  ..., 
  [  4.81540251   1.14269865  -3.16402841 ...,  -0.38746139   3.54125023
    -1.20659947]
  [ -0.41058075   1.06428289  -2.89495468 ...,  -2.13053656   4.27473688
    -1.82484305]
  [  0.17501783   0.14051943  -7.08435297 ...,  -2.8532238   -1.1616354
    -1.11037588]]

 [[  3.9268713   -1.2086606    1.08781219 ...,  -1.8399303    2.23945498
    -0.65195376]
  [  2.67724276   0.98426509  -4.54419661 ...,   0.95343888   5.66195679
    -5.61752224]
  [ -0.23340245   2.64810038  -5.24048615 ...,  -4.0920949   -0.74053997
    -3.52181196]
  ..., 
  [  4.98193502  -0.65737522  -6.57027435 ...,  -3.65723395   2.65059161
    -1.7227807 ]
  [ -0.51381141   1.67828143  -6.27247429 ...,  -1.84152353   3.19423556
    -5.89258146]
  [  0.90752202   1.91003716 -10.00592232 ...,  -5.82475615  -2.71938324
    -2.78941154]]

 ..., 
 [[  4.1043725   -0.20393781  -0.52847677 ...,   2.17116094   1.40845871
    -0.80750722]
  [ -2.17505288  -1.51756763  -0.44210795 ...,  -0.60106534   1.3772378
    -1.91944492]
  [ -0.6723308   -2.1109035   -7.84859419 ...,  -4.84784603  -2.50325942
    -0.81090629]
  ..., 
  [  0.15761277   0.477366    -6.01242828 ...,  -5.4376688    0.8682999
    -2.02268219]
  [  1.24631166   1.68185723  -6.88415575 ...,  -1.66586578   3.0518074
    -0.23092774]
  [  0.76972383  -0.49027544  -7.77615213 ...,  -3.56630254   1.89625525
    -1.44050586]]

 [[  4.7640667    2.71585393  -0.14316025 ...,   1.32015014   6.82634497
     0.92818475]
  [ -0.76304322   1.36843395  -0.26807031 ...,   1.26397014   4.57385683
    -0.95508963]
  [ -0.60473919  -1.01436281  -4.85196829 ...,  -4.09075165   0.4431583
     1.0492934 ]
  ..., 
  [  0.90110391  -0.34815636  -3.62905455 ...,  -4.69102764   3.69908094
    -0.3584117 ]
  [  1.61884511   3.23182034  -6.664711   ...,  -0.28852528   5.37338495
    -1.50237167]
  [  0.84759361   1.5545119   -8.14159393 ...,  -2.79127502   2.28705025
    -4.54676819]]

 [[  2.74260712   1.12370801   0.34524259 ...,  -0.39789099   4.53074932
    -0.68240243]
  [  0.8423304    3.47106457  -3.09008527 ...,  -1.05794144   5.69667625
    -4.11953545]
  [  3.30341244   4.03090954  -4.54671717 ...,  -2.19082022  -0.22666165
    -1.21570241]
  ..., 
  [  1.97313452   2.28144956  -5.51763439 ...,  -2.51734138   2.18526053
    -3.27879524]
  [  3.60508609   4.39454794  -5.70027971 ...,  -3.08994889   3.07376218
    -3.53023887]
  [  2.16770363   4.50085497  -6.44546509 ...,  -1.2783922    1.73958421
    -5.57672739]]]
