[[[  201.97648621 -3534.40258789 -1485.10424805  -516.5567627
   -1647.91552734  -485.71762085  -381.50683594  -329.11212158
     -28.38666916 -2261.32348633   421.76098633 -2850.33129883
     189.44198608 -2971.82324219]
  [  -26.75194168 -4601.12646484 -2048.62133789 -1704.45678711
   -1949.74047852 -1695.0916748  -1537.30578613  -252.41157532
     949.04382324 -1658.59057617  1170.58605957 -3646.33666992
    -230.54684448 -3082.94384766]
  [ 3735.4453125  -7660.63476562 -2351.82910156 -4422.52099609
     701.50878906 -1700.93493652  -813.42321777  -796.14782715
    1785.07995605   586.61352539  1397.57739258 -4288.31054688
    -491.49624634 -1522.83361816]
  [ 3045.78466797 -4802.08007812 -1469.52722168 -2922.77416992
    2735.98266602 -1428.67236328  -916.69458008  1231.4329834
    1688.79870605  2847.28686523   847.43084717 -2955.39355469
    2050.54272461 -2618.0222168 ]]

 [[ 1601.359375   -4528.87011719 -2263.21972656 -1275.12756348
   -2578.88232422  -589.42474365  1662.47668457  -931.43829346
    -992.1126709  -2630.7565918   -909.23779297 -3020.33544922
     168.11398315 -2007.49194336]
  [ 3198.02856445 -5393.36767578 -2938.76049805 -3243.24560547
   -2245.48706055 -1988.12402344  1779.47253418  -426.52526855
    -727.49200439  -118.48209381   248.28277588 -2483.25        2757.65014648
   -3247.81005859]
  [ 2877.5534668  -6843.93896484 -3272.64208984 -3702.04956055
    -991.7956543  -2564.14038086   573.48339844 -2618.36499023
   -2074.08251953  -254.23014832  -882.28948975 -3547.89990234
    1822.01867676 -1785.50927734]
  [ 2488.71777344 -3721.19116211  -666.76678467 -3860.12866211
    1676.3215332  -3195.66699219   754.57220459   225.56277466
     335.44821167  1706.1953125    833.50488281 -2999.23193359
    1174.18981934 -2773.00170898]]

 [[-1356.13842773 -3588.16064453 -3330.2746582  -3562.33105469
   -3716.77734375 -1002.34753418  3147.09838867  -805.29907227
     456.96411133  1493.3572998   -189.98403931 -1762.52758789
    1470.04589844 -1966.43847656]
  [ -272.34030151 -3236.66088867 -2809.14501953 -3515.82006836
   -3530.23608398 -4865.17724609  4256.55419922  -567.82598877
    -272.60107422  2608.04882812  1155.40026855 -1628.22644043
    3037.82958984 -2530.48803711]
  [-1145.62255859 -4790.13085938 -3037.40625    -4746.73925781
   -1036.21850586 -2757.01269531  4929.58935547 -1557.64782715
   -1211.8918457   2495.49804688  2975.91235352 -4097.23486328
    1430.97399902 -1370.04296875]
  [-1231.57739258 -3395.58154297 -1640.16650391 -2922.05249023
    2123.41699219 -2639.77807617  3462.54736328  -768.09643555
    -217.22303772  1692.08935547  3821.64746094 -2730.73950195
     992.73413086 -2746.26098633]]

 [[-1989.27478027 -1316.93823242 -1903.92944336   -14.66900063
   -1732.14501953  -994.82659912   271.09603882  -348.47052002
     748.67871094  1184.69165039  -555.31781006 -1842.33032227
     495.66702271 -1023.90063477]
  [-1133.80749512 -2940.30151367 -2520.46606445 -1374.64538574
   -1949.55566406 -2554.7421875   2223.84936523  -137.82171631
    -368.77902222  1675.85522461   405.35787964 -1606.07739258
    1365.73571777  -867.62438965]
  [-2063.73217773 -3092.51416016 -1910.79785156 -2691.72607422
    -324.71008301 -2518.62792969  5083.15283203 -1144.14758301
    -906.52020264  2010.67626953  1759.46411133 -3414.57226562
     684.36938477 -1189.06176758]
  [-2264.55566406 -2403.84008789 -1107.10180664 -3289.70092773
    1999.93347168 -1511.10839844  4446.04589844 -1491.98706055
   -1117.96044922  1457.95532227  2318.40429688 -1448.12512207
     305.60040283 -2425.97607422]]]
