[[[    0.             0.             0.             0.             0.
       0.             0.             0.            42.0519104      0.
     454.25845337     0.             0.             0.        ]
  [    0.             0.             0.             0.             0.
       0.             0.             0.           286.384552       0.
     329.1305542      0.             0.             0.        ]
  [ 3156.09326172     0.             0.             0.             0.
       0.             0.             0.          1307.38378906
     384.47644043  1398.50158691     0.             0.             0.        ]
  [ 3032.11352539     0.             0.             0.          2384.74780273
       0.             0.           760.35638428  1478.31469727
    1723.95056152   798.76483154     0.          1614.96325684     0.        ]]

 [[   59.75592804     0.             0.             0.             0.
       0.           654.81866455     0.             0.             0.
       0.             0.           247.98638916     0.        ]
  [ 2084.09448242     0.             0.             0.             0.
       0.          2038.18676758     0.             0.             0.
       0.             0.          1565.9708252      0.        ]
  [ 1940.79736328     0.             0.             0.             0.
       0.          1538.88330078     0.             0.           243.36769104
       0.             0.          1805.76550293     0.        ]
  [ 1939.56005859     0.             0.             0.          1032.33813477
       0.           609.51544189   169.00196838     0.          1441.52307129
     417.34994507     0.           842.09100342     0.        ]]

 [[    0.             0.             0.             0.             0.
       0.          2166.16259766     0.             0.           444.6335144
       0.             0.           822.89373779     0.        ]
  [    0.             0.             0.             0.             0.
       0.          3613.40576172     0.             0.          1655.65734863
     492.90396118     0.          2147.24633789     0.        ]
  [    0.             0.             0.             0.             0.
       0.          4296.70605469     0.             0.          2418.56347656
    2377.62817383     0.          1406.34790039     0.        ]
  [    0.             0.             0.             0.          1848.75500488
       0.          3109.43554688     0.             0.          1689.87353516
    2964.53466797     0.           376.29956055     0.        ]]

 [[    0.             0.             0.             0.             0.
       0.             0.            41.17362976   228.49000549
     261.59036255     0.             0.           486.52600098     0.        ]
  [    0.             0.             0.             0.             0.
       0.          1649.42333984     0.             0.          1235.5690918
       0.             0.           945.25567627   199.69616699]
  [    0.             0.             0.             0.             0.
       0.          3728.99658203     0.             0.          1087.96435547
     996.06671143     0.           572.90142822     0.        ]
  [    0.             0.             0.             0.          1561.6451416
       0.          2956.75878906     0.             0.           664.83355713
    1542.9630127      0.          1382.18884277     0.        ]]]
