[[[  0.           0.           0.         ...,   0.          11.99970627
    14.80814934]
  [  9.34702301   0.           0.         ...,   0.          22.0913868
     0.        ]
  [  9.15515423   0.           0.         ...,   0.          18.9143734
     0.        ]
  ..., 
  [  0.           0.           0.         ...,   0.          10.40955067
     0.        ]
  [  0.          39.80902481   0.         ...,   0.           0.           0.        ]
  [  0.           0.           0.         ...,   0.           0.           0.        ]]

 [[  0.           0.           0.         ...,   0.          11.4466362
     0.        ]
  [  0.           0.           0.         ...,   0.          28.81806564
     0.        ]
  [  0.           0.           0.         ...,   0.          13.56251144
     0.        ]
  ..., 
  [  0.           0.           0.         ...,   0.          21.37555885
     0.        ]
  [  0.          70.87495422   0.         ...,   0.          11.59294605
     0.        ]
  [ 17.78394318   0.           0.         ...,   0.          16.66464996
     0.        ]]

 [[  0.           0.           0.         ...,   0.           0.           0.        ]
  [  0.           0.           0.         ...,   0.           0.           0.        ]
  [  0.           0.           0.         ...,   0.           6.37334824
     0.        ]
  ..., 
  [  0.           0.           0.         ...,   0.          15.40838337
     0.        ]
  [ 14.14348412  56.24008942   0.         ...,   0.          47.53682327
     0.        ]
  [ 26.23020363   0.           0.         ...,   0.          42.49276352
     0.        ]]

 ..., 
 [[  0.           0.           0.         ...,   0.          13.51771641
     0.        ]
  [  0.           0.           0.         ...,   0.           9.69397163
     0.        ]
  [  0.           0.           0.         ...,   0.           3.33123136
     0.        ]
  ..., 
  [  0.           0.           0.         ...,   0.          32.76725006
     0.        ]
  [ 20.22310829  51.12388611   0.         ...,   0.          48.43255234
     0.        ]
  [ 23.75362015   0.           0.         ...,   0.          41.27749634
     0.        ]]

 [[  0.           0.           0.         ...,   0.           0.           0.        ]
  [  0.           0.           0.         ...,   0.          10.10145187
     0.        ]
  [  0.           0.           0.         ...,   0.           4.77142334
     0.        ]
  ..., 
  [  0.           0.           0.         ...,   0.          22.66422653
     0.        ]
  [  0.          46.03920364  17.14160538 ...,  11.10604858  29.41557884
     0.        ]
  [  4.56065893  22.31334305   2.78808475 ...,   0.          11.18915844
     0.        ]]

 [[  0.           0.           0.         ...,   0.           0.           0.        ]
  [  0.           0.           0.         ...,   0.           2.23829675
     0.        ]
  [  0.           8.43277836   0.         ...,   0.           3.27462602
     0.        ]
  ..., 
  [  0.           1.60091043   0.         ...,   0.          20.94639397
     0.        ]
  [ 35.63615417  17.88423157  12.88510513 ...,  39.48869324  40.72885895
     0.        ]
  [ 27.01056862   8.20197678   0.         ...,  23.26667976  27.06518936
    11.76576805]]]
