[[[   690.89178467  -4915.48046875 -11057.5625     -11422.18554688
    -1511.55908203 -11190.640625     6984.50634766  -2645.22631836
    -5094.67871094  15489.52734375  -4845.1484375   -1098.38745117
    -9710.06542969    758.12365723]
  [ -4497.73535156  -5376.953125   -12379.57714844  -3663.26635742
    -5516.546875    -9701.29296875   7734.4765625   -3363.07568359
     -977.5010376    5057.92919922  -5793.          -7627.52148438
      -96.38629913   4516.93603516]]

 [[  1358.83288574  -7727.12841797  -7447.01220703  -6436.97119141
    -3552.05371094  -7095.11962891  -3611.09326172  -9553.86035156
    -8979.98242188   5587.40673828  -9930.90625      3754.31860352
    -4889.08203125   5734.71728516]
  [  -642.0045166   -7096.34082031  -3685.61157227   -276.80209351
    -5873.8203125  -13677.60546875  -8405.56542969  -3004.41137695
      309.36566162  -5672.42089844  -6796.65380859   1025.11035156
    -4052.41699219   2604.73144531]]]
