[[[ -3.09624920e+01  -2.46762817e+02  -2.54565109e+02  -4.18613495e+02
    -1.84273300e+02  -3.14809479e+02   2.77660553e+02  -2.35754715e+02
    -3.12998352e+02  -2.22372101e+02  -2.33385056e+02  -4.17394972e+00
    -3.26212769e+02  -3.14082581e+02]
  [ -3.27925537e+02  -4.84760590e+02   1.25898529e+02  -2.09002609e+02
    -1.95388611e+02  -4.84387329e+02  -1.09558571e+02  -1.66164368e+02
    -2.44081085e+02  -2.67378479e+02  -1.76500717e+02  -2.61094360e+01
    -5.34847229e+02  -3.27615540e+02]
  [ -3.51673523e+02  -5.61092224e+02   2.08420258e+02  -4.02455811e+02
    -3.66844147e+02  -3.16867645e+02  -9.71943970e+01  -4.06066017e+01
    -4.18051025e+02  -5.91788818e+02  -1.31541748e+02  -1.79911667e+02
    -3.65338074e+02  -3.05384369e+02]
  [ -3.75853699e+02  -5.08322754e+02   2.02210388e+02  -4.86882324e+02
    -3.19858063e+02  -4.21242340e+02  -2.13844395e+01  -4.80577202e+01
    -4.29742432e+02  -4.93872192e+02  -1.84844620e+02  -1.99500565e+02
    -4.81062164e+02  -3.21637695e+02]
  [ -4.28479309e+02  -6.09874268e+02   3.57427795e+02  -2.84361206e+02
    -3.56255310e+02  -5.71426147e+02  -1.78569748e+02  -1.06226463e+01
    -5.38009399e+02  -4.31288330e+02  -1.52719940e+02  -1.30873383e+02
    -4.06986755e+02  -3.40130585e+02]
  [ -1.98591309e+02  -5.42799744e+02   3.08787384e+02  -3.79375732e+02
    -2.06516769e+02  -3.48682983e+02  -1.47375092e+02   5.02248116e+01
    -5.28121399e+02  -5.13322571e+02  -1.18183449e+02  -2.72394043e+02
    -4.21572357e+02  -3.84909363e+02]
  [ -2.05555023e+02  -4.64254059e+02   1.04254372e+02  -7.05269226e+02
    -4.62063477e+02  -7.29170914e+01  -1.43458023e+02  -2.14430294e+01
    -2.87599243e+02  -4.27207764e+02  -1.41499283e+02  -2.73962463e+02
    -3.47734406e+02  -1.99610352e+02]
  [ -5.16630371e+02  -3.52880554e+02   3.37711823e+02  -3.84273865e+02
    -5.19653748e+02  -1.73573074e+02  -3.14336609e+02   2.63346283e+02
    -2.60591888e+02  -1.19130035e+02  -1.03938477e+02  -1.71166107e+02
    -4.50084198e+02  -1.19271069e+01]]

 [[ -2.50281540e+02  -4.08347107e+02   5.37735786e+01  -3.80410187e+02
    -2.94147552e+02  -2.11190262e+02   8.80872369e-01  -3.66059326e+02
    -3.74361572e+02  -2.56387238e+02  -2.99304382e+02  -1.67769302e+02
    -4.93248383e+02  -2.47556503e+02]
  [ -6.24051086e+02  -5.04200348e+02   3.46001007e+02  -1.59616730e+02
    -2.95010345e+02  -1.88766190e+02  -3.61845978e+02  -2.47861969e+02
    -3.87427368e+02  -3.33724091e+02  -2.03090836e+02  -3.32718048e+02
    -7.02486084e+02  -3.76558472e+02]
  [ -4.13962250e+02  -5.14342896e+02   3.75485352e+02  -2.50805115e+02
    -4.59110962e+02   2.26879552e-01  -4.23040863e+02   2.09886780e+01
    -5.75453064e+02  -4.29209229e+02  -2.60249420e+02  -4.46535492e+02
    -4.78086151e+02  -3.75452179e+02]
  [ -4.22281250e+02  -4.64387817e+02   4.22870026e+02  -2.48858597e+02
    -3.95364044e+02  -1.37004288e+02  -3.34858734e+02  -9.09025040e+01
    -5.96353516e+02  -4.69212952e+02  -2.87349091e+02  -2.85657623e+02
    -4.85100983e+02  -4.98309296e+02]
  [ -4.33475098e+02  -6.58365112e+02   3.94358246e+02  -7.75504074e+01
    -3.63196747e+02  -6.89113770e+01  -4.44673492e+02  -1.58379730e+02
    -5.98565552e+02  -4.24287292e+02  -2.46612610e+02  -2.65213623e+02
    -5.52548828e+02  -3.45967133e+02]
  [ -3.45511444e+02  -7.25338745e+02   4.44406250e+02  -2.63006104e+02
    -3.39998718e+02   6.98463593e+01  -2.97399567e+02  -3.57772125e+02
    -4.39595215e+02  -5.25363892e+02  -1.69044022e+02  -4.43574524e+02
    -5.98841248e+02  -3.99080811e+02]
  [ -3.51051605e+02  -5.30502563e+02   3.76701477e+02  -5.98420593e+02
    -4.82253448e+02  -1.14816780e+02  -3.36052521e+02  -2.63602478e+02
    -3.87835938e+02  -3.47303436e+02  -2.08826569e+02  -3.73243927e+02
    -4.50239624e+02  -2.58669586e+02]
  [ -3.06295532e+02  -5.13232727e+02   4.84413055e+02  -1.59071121e+02
    -3.45242584e+02  -3.20769806e+02  -3.80287781e+02   1.67794739e+02
    -3.54301300e+02  -5.41721649e+01  -1.28229813e+02  -3.32097229e+02
    -3.21428955e+02  -1.33518829e+02]]

 [[ -3.14524994e+02  -3.99397797e+02  -6.95789108e+01  -3.86890076e+02
    -1.36918900e+02  -2.33516800e+02  -3.83892937e+01  -3.27047760e+02
    -5.85262024e+02  -4.33106964e+02  -3.12230835e+02  -1.33835266e+02
    -4.91511749e+02  -2.48350601e+02]
  [ -5.17248047e+02  -3.20301147e+02   8.73757858e+01  -2.02516174e+02
    -2.14242935e+02  -1.32515701e+02  -2.48520477e+02  -1.49864716e+02
    -5.93850525e+02  -5.86932739e+02  -2.61245514e+02  -4.19840607e+02
    -7.34835754e+02  -4.24642334e+02]
  [ -3.46515411e+02  -3.93657135e+02   1.30697784e+02  -2.93872131e+02
    -4.51808807e+02  -1.31737030e+02  -3.55707153e+02   1.34585098e+02
    -6.91671509e+02  -5.54933838e+02  -3.51186523e+02  -5.30713196e+02
    -7.24041870e+02  -4.26157379e+02]
  [ -4.53044373e+02  -5.04004669e+02   2.59944550e+02  -2.75471649e+02
    -5.17257629e+02  -9.50561600e+01  -3.65713043e+02   2.21348557e+02
    -6.45348022e+02  -6.51290894e+02  -3.19853577e+02  -4.75042419e+02
    -5.85227417e+02  -4.96494049e+02]
  [ -5.56639832e+02  -4.93414764e+02   1.04976105e+02  -1.86701431e+02
    -3.51670410e+02   5.62700958e+01  -3.50422424e+02   1.66869064e+02
    -6.06383423e+02  -7.06097229e+02  -2.09863647e+02  -3.97934387e+02
    -5.57596313e+02  -5.04493988e+02]
  [ -3.95009521e+02  -5.22041504e+02   2.61035400e+02  -2.96073944e+02
    -2.85222931e+02   1.02787308e+02  -3.65387085e+02   2.26208591e+01
    -7.35529236e+02  -8.56482788e+02  -1.75500732e+02  -4.00902344e+02
    -4.06190369e+02  -4.64385071e+02]
  [ -2.94289001e+02  -3.90275513e+02   3.92626526e+02  -5.52054138e+02
    -5.73031128e+02  -1.21974228e+02  -2.81318817e+02  -1.40087616e+02
    -5.73019836e+02  -5.29203430e+02  -4.79128815e+02  -4.70221710e+02
    -3.35806305e+02  -2.41466415e+02]
  [ -2.87674713e+02  -5.14810730e+02   3.96371735e+02  -2.43407497e+01
    -4.22651184e+02  -2.65808289e+02  -1.85729645e+02   6.21620865e+01
    -2.89039062e+02  -9.12383041e+01  -2.87224121e+02  -5.49635498e+02
    -3.77203918e+02  -6.45701065e+01]]

 [[ -3.09677948e+02  -3.83318878e+02  -1.42880478e+02  -3.16175812e+02
    -1.88846313e+02  -2.02382568e+02  -1.64076828e+02  -2.73402649e+02
    -5.36909241e+02  -5.88936707e+02  -3.23359161e+02  -1.39601425e+02
    -3.72771698e+02  -2.70958618e+02]
  [ -6.80301941e+02  -3.98731842e+02   9.49551849e+01  -1.43421570e+02
    -2.38780731e+02  -1.19609604e+02  -2.13138733e+02  -1.17869881e+02
    -5.48491943e+02  -6.34124146e+02  -2.28590347e+02  -2.40587906e+02
    -7.35765137e+02  -2.28609772e+02]
  [ -5.33800171e+02  -5.68417786e+02   1.28168213e+02  -1.25417725e+02
    -6.42349792e+02  -1.27302681e+02  -3.84351135e+02   2.12948593e+02
    -5.82754883e+02  -7.35735168e+02  -1.75865585e+02  -4.84677246e+02
    -7.62466309e+02  -1.49643143e+02]
  [ -4.38042419e+02  -4.72539093e+02   2.11285614e+02  -1.66259827e+02
    -6.56120300e+02  -2.86437778e+01  -5.16278687e+02   3.00476685e+02
    -6.53615845e+02  -6.97922668e+02  -2.94641937e+02  -4.91662628e+02
    -6.37308411e+02  -3.67484589e+02]
  [ -3.93134552e+02  -5.21854614e+02  -1.26646490e+01  -4.88773689e+01
    -5.09684296e+02  -4.72470627e+01  -4.73075226e+02   1.58460358e+02
    -6.46272522e+02  -8.30888855e+02  -3.28700562e+02  -4.26780151e+02
    -5.41059875e+02  -4.28948242e+02]
  [ -4.76908844e+02  -5.43210754e+02   1.23355133e+02  -2.40915207e+02
    -5.42184265e+02   1.15126724e+02  -5.82747559e+02   2.10187241e+02
    -6.37183960e+02  -9.31880188e+02  -1.49225906e+02  -5.22631653e+02
    -3.79609863e+02  -3.68978668e+02]
  [ -4.39061768e+02  -3.05434906e+02   3.14984650e+02  -5.51812439e+02
    -6.26114258e+02  -3.07838516e+01  -3.47238098e+02  -4.73063850e+01
    -5.07969574e+02  -5.98301086e+02  -2.33147324e+02  -6.00454529e+02
    -2.97271790e+02  -2.57925507e+02]
  [ -4.16596558e+02  -2.79470398e+02   3.63006317e+02  -2.85159950e+01
    -4.10553192e+02  -1.11048431e+02  -2.03129166e+02   2.29221146e+02
    -2.75829590e+02  -1.70488647e+02  -1.26323906e+02  -6.11484253e+02
    -5.03699585e+02  -1.17132843e+02]]

 [[ -2.68035278e+02  -3.75922485e+02  -1.20950180e+02  -2.01950638e+02
    -2.23001755e+02  -9.95336227e+01  -1.03966522e+02  -2.79656372e+02
    -5.54355774e+02  -5.57609070e+02  -2.44265686e+02  -6.22327423e+01
    -4.49000214e+02  -3.19465271e+02]
  [ -6.02051270e+02  -3.64694305e+02  -3.50429773e+00  -1.01945007e+02
    -1.32585892e+02  -6.74856567e+01  -1.96593765e+02  -7.65167618e+01
    -5.01792511e+02  -6.69445190e+02  -1.95655716e+02  -3.24012299e+02
    -6.32807556e+02  -3.82410950e+02]
  [ -3.42708496e+02  -4.50249603e+02   5.59247246e+01  -1.94725479e+02
    -3.88899841e+02  -1.18360367e+02  -3.78923889e+02   2.53443466e+02
    -5.40603027e+02  -8.52485046e+02  -1.57419495e+02  -5.01084503e+02
    -5.85961426e+02  -3.34764374e+02]
  [ -2.41511780e+02  -5.34986084e+02   6.02129402e+01  -1.89208328e+02
    -4.97606415e+02  -8.21830902e+01  -3.49490509e+02   2.08687500e+02
    -5.92541077e+02  -7.06286743e+02  -2.72166718e+02  -5.05543732e+02
    -6.85887634e+02  -4.08768127e+02]
  [ -3.73189209e+02  -5.53800049e+02   5.14008617e+00  -1.15272392e+02
    -4.72593811e+02  -9.80053234e+00  -3.61576233e+02   1.57878281e+02
    -5.71275940e+02  -7.59584229e+02  -2.32932846e+02  -4.34695923e+02
    -6.92799927e+02  -3.88988129e+02]
  [ -4.87467682e+02  -5.90282593e+02   6.89508743e+01  -2.22580185e+02
    -4.67069855e+02  -2.46676617e+01  -4.03558899e+02   9.11448593e+01
    -5.21782104e+02  -8.95526672e+02  -1.57928299e+02  -4.92618652e+02
    -5.06236664e+02  -3.19217010e+02]
  [ -3.11119568e+02  -2.99319977e+02   2.55233414e+02  -5.69735901e+02
    -4.67839630e+02  -2.66333435e+02  -2.77957794e+02  -1.11803101e+02
    -4.44442810e+02  -6.70975281e+02  -3.40728271e+02  -6.11563416e+02
    -2.28687607e+02  -2.67150177e+02]
  [ -3.93589905e+02  -1.77951538e+02   3.03049652e+02  -7.83975830e+01
    -2.78884338e+02  -2.59970734e+02  -7.23951492e+01   1.86918182e+02
    -2.85026978e+02  -2.80128448e+02  -9.96729431e+01  -6.00889587e+02
    -2.88929535e+02  -9.95218048e+01]]

 [[ -2.87779022e+02  -2.91890564e+02  -1.00545326e+02  -2.48880325e+02
    -1.05820381e+02  -1.52493759e+02  -7.54774780e+01  -2.15350235e+02
    -4.52554138e+02  -4.40962097e+02  -2.31054901e+02  -4.20725250e+01
    -4.75674866e+02  -2.88474640e+02]
  [ -5.68466919e+02  -4.21453766e+02   1.25597443e+02  -8.42429886e+01
    -1.23351868e+02  -1.20978981e+02  -1.66250366e+02  -1.74568817e+02
    -4.92915527e+02  -5.33878662e+02  -1.96527054e+02  -2.42054749e+02
    -5.19292847e+02  -4.11464417e+02]
  [ -2.64709076e+02  -3.18287109e+02   1.69613724e+02  -1.62821075e+02
    -3.81322296e+02  -4.46972275e+01  -3.08940216e+02   2.20744537e+02
    -5.29830078e+02  -6.38945801e+02  -1.74058914e+02  -4.21429474e+02
    -5.64621338e+02  -3.80831879e+02]
  [ -3.13420074e+02  -3.86727234e+02   2.03147095e+02  -9.64321136e+01
    -4.17761230e+02  -8.82993011e+01  -3.46608887e+02   2.20645065e+02
    -5.17264465e+02  -6.42063416e+02  -1.97438599e+02  -3.81428772e+02
    -5.10150604e+02  -3.50402069e+02]
  [ -3.63261139e+02  -4.73751770e+02   1.08494095e+02  -4.70182343e+01
    -4.62962830e+02  -1.07915478e+01  -2.19374420e+02   2.11318619e+02
    -5.10333832e+02  -6.33819580e+02  -1.31802750e+02  -2.83146057e+02
    -5.17053955e+02  -4.84586243e+02]
  [ -4.11084534e+02  -5.61314270e+02   2.86570454e+01  -2.02688110e+02
    -3.09794952e+02   3.49326172e+01  -2.21639252e+02   7.63956909e+01
    -4.13367462e+02  -7.87156372e+02  -3.74062195e+01  -3.29329865e+02
    -5.01113159e+02  -4.14958099e+02]
  [ -2.14612610e+02  -3.02645142e+02   2.41936539e+02  -5.46841064e+02
    -4.09083923e+02  -1.29202255e+02  -2.08296570e+02  -1.83045486e+02
    -3.18504669e+02  -5.77553772e+02  -4.26383331e+02  -4.85036316e+02
    -3.18653290e+02  -2.28107864e+02]
  [ -3.59493286e+02  -2.10477631e+02   2.61746490e+02  -1.16952301e+02
    -3.55269287e+02  -1.86032700e+02  -1.05587326e+02   1.51076422e+01
    -2.56723358e+02  -2.91347015e+02  -3.10927338e+02  -5.75122009e+02
    -3.27661621e+02  -1.23838432e+02]]

 [[ -2.78165497e+02  -2.26723465e+02  -7.00796738e+01  -1.65052338e+02
     6.73548279e+01   7.05938416e+01  -3.45216179e+01  -1.07147652e+02
    -4.25778351e+02  -2.48837891e+02  -2.30011810e+02   1.41606674e+02
    -2.19684464e+02  -1.57614838e+02]
  [ -3.96729462e+02  -3.20935699e+02   1.12223686e+02  -3.20641403e+01
    -4.50331802e+01   1.30389204e+01  -1.83472717e+02  -6.69222717e+01
    -3.68923889e+02  -5.63646973e+02  -2.31305618e+02   7.38461685e+01
    -1.77757599e+02  -1.47697586e+02]
  [ -2.66234528e+02  -3.58843842e+02   2.59085293e+01  -8.61174011e+01
    -1.51507172e+02   9.82674866e+01  -2.79182037e+02   1.73837524e+02
    -3.96683990e+02  -5.14743164e+02  -2.41835831e+02  -7.15219345e+01
    -2.80098877e+02  -2.06412247e+02]
  [ -2.42456543e+02  -3.16661804e+02   1.19693771e+02  -3.10756207e+01
    -2.35946350e+02   6.50104828e+01  -2.15369720e+02   2.51461472e+02
    -3.89023834e+02  -5.57401184e+02  -3.13270386e+02  -8.29297333e+01
    -3.20503815e+02  -1.56960220e+02]
  [ -3.55188568e+02  -4.35653137e+02  -1.11726578e+02   5.65432024e+00
    -1.28886307e+02   1.72999664e+02  -3.02369232e+02   2.32730453e+02
    -3.47724304e+02  -6.42072754e+02  -3.39798096e+02  -9.13312912e+01
    -2.71579468e+02  -2.39738205e+02]
  [ -3.38868683e+02  -4.76325562e+02  -1.63149292e+02  -1.42138092e+02
    -2.03625992e+02   2.52091461e+02  -3.21516907e+02   2.33922348e+02
    -2.73840454e+02  -7.82090027e+02  -2.75674622e+02  -1.42940567e+02
    -2.08676514e+02  -2.57415405e+02]
  [ -2.81908936e+02  -3.66620636e+02   4.24337006e+01  -3.80333008e+02
    -4.37861969e+02   9.37382050e+01  -3.91700653e+02   6.44007797e+01
    -3.06220673e+02  -5.63823486e+02  -2.50911789e+02  -2.16157593e+02
    -1.15038254e+02  -2.79105652e+02]
  [ -3.19056427e+02  -3.30943298e+02   6.00632439e+01   1.95096169e+01
    -2.44599106e+02  -5.66107864e+01  -1.93281555e+02   1.75994797e+02
    -2.15447250e+02  -3.40094543e+02  -1.98201782e+02  -2.56795715e+02
    -2.20576202e+02  -1.07956451e+02]]

 [[ -2.17038452e+02  -2.27278366e+02  -2.85356388e+01  -5.36130257e+01
     5.94522095e+01   9.43335037e+01  -1.30838501e+02  -1.58418137e+02
    -2.82989624e+02  -2.66661255e+02  -2.15642426e+02   2.55335884e+01
    -2.34232330e+02  -8.77341461e+01]
  [ -3.62470642e+02  -1.03995544e+02   1.88543434e+01   9.79223251e+01
    -8.61961136e+01   2.16967789e+02  -2.60379333e+02  -6.89534912e+01
    -3.83703644e+02  -4.25794739e+02  -3.01322601e+02  -8.04081497e+01
    -1.69994003e+02  -2.02074471e+01]
  [ -2.14286850e+02  -2.40982590e+02  -1.48342943e+01   1.31994339e+02
    -8.88445282e+01   1.40804825e+02  -2.71547028e+02   9.70194321e+01
    -2.83410370e+02  -3.97920807e+02  -1.82716232e+02  -2.20851166e+02
    -1.90890701e+02  -3.33317909e+01]
  [ -2.42513077e+02  -2.13243286e+02   9.61760559e+01   1.11237694e+02
    -1.97651840e+02   1.68996338e+02  -2.85788055e+02   1.33450668e+02
    -3.50687500e+02  -4.21453186e+02  -3.17124023e+02  -2.38927536e+02
    -1.59579254e+02  -2.43853302e+01]
  [ -2.79348480e+02  -2.58914978e+02   9.16443634e+01   9.31200790e+01
    -1.01397621e+02   1.48071869e+02  -4.29098358e+02   1.79148102e+02
    -3.29040771e+02  -4.29164886e+02  -3.29550354e+02  -2.93713654e+02
    -2.38696259e+02  -3.35798073e+01]
  [ -3.04587891e+02  -3.50953186e+02  -5.46098175e+01   6.55456161e+01
    -1.11495338e+02   1.56486603e+02  -4.41290924e+02   4.74307137e+01
    -3.93667694e+02  -4.41931641e+02  -3.48153503e+02  -3.25682007e+02
    -2.23294968e+02  -1.84015083e+01]
  [ -1.99480301e+02  -3.29420288e+02   3.61577454e+01  -1.37738953e+02
    -2.76649811e+02  -5.20228996e+01  -4.17829376e+02  -6.57348022e+01
    -4.44546021e+02  -2.94108612e+02  -5.04273987e+02  -2.56446228e+02
    -2.28370113e+01  -5.79024887e+01]
  [ -1.52223862e+02  -1.39958847e+02  -9.18487263e+00   4.77564430e+01
    -1.22653244e+02  -9.23548584e+01  -1.50445282e+02   1.07038612e+02
    -2.55522110e+02  -2.20070099e+02  -2.81502991e+02  -3.49296692e+02
    -1.44554153e+02  -1.52882416e+02]]]
