[[[ -13.39883614   -8.02903938  -29.54907799 ...,  -63.45761871
      4.09559822   -4.71408653]
  [  10.68150616  -26.42924118  -18.34122276 ...,  -68.82479095
      1.35463095  -53.68029022]
  [ -11.58537769  -17.17684746  -20.24746513 ...,  -91.17868805
     -4.7270422   -55.3590889 ]
  ..., 
  [  -7.92179537   -3.55641317  -33.10436249 ..., -109.1725235
      1.13395739  -60.30615616]
  [   4.21645212   41.5358429     1.57339811 ...,  -81.38631439
     13.20843601  -47.56223297]
  [  21.2285614   -15.23647022   -6.92076397 ...,  -45.4295845
     25.64978409  -60.28647614]]

 [[ -20.6008091    -8.84130955  -60.73381042 ...,  -64.37185669
     29.7012825   -23.34778976]
  [  -0.42245767  -35.83486938  -55.64888382 ...,  -83.84320831
     27.69485283  -94.4972229 ]
  [ -13.68295193  -34.88259125  -55.27103043 ..., -102.04190063
     16.95898438  -76.13852692]
  ..., 
  [ -18.88279915  -30.12011147  -68.26576996 ..., -105.03276825
      8.07935524  -82.03586578]
  [  -7.48229313   38.90060806  -19.71118164 ...,  -65.8762207
     37.45162201  -55.34203339]
  [   2.16403174  -16.25678253  -30.14671707 ...,  -36.55489731
     18.63462257  -56.443573  ]]

 [[ -27.70334816  -31.22586441  -43.84400177 ...,  -69.10676575
      6.13953114   -4.06060028]
  [  -5.07333851  -28.87210655  -30.46051216 ..., -103.64888      15.28017235
    -99.46949005]
  [ -17.41020775  -16.70407867  -35.73570251 ..., -101.60279846
      6.60967445  -83.34732819]
  ..., 
  [ -11.39269543  -27.67344666  -61.62663651 ...,  -94.21111298
      7.75292397  -88.48696136]
  [  17.04950523   26.41374397  -15.54029655 ...,  -36.20710373
     38.50725937  -47.43055725]
  [  16.99334335    2.69657707  -22.87837601 ...,  -18.67390442
     28.38529396  -34.07222366]]

 ..., 
 [[ -37.48793793  -22.82073212  -41.41900635 ...,  -56.3819313
      7.35957289   -1.655267  ]
  [  -8.11605835  -24.17360687  -35.5242157  ...,  -80.75384521
     15.4927721   -93.13318634]
  [ -14.89146709  -30.092453    -40.8188858  ...,  -80.84336853
      1.33812475  -81.48809052]
  ..., 
  [ -10.78270721  -31.53255844  -54.58133698 ...,  -57.64411163
     14.04548931  -83.33255768]
  [  21.63884354   11.88839436  -16.73894119 ...,  -18.39538574
     42.59138107  -38.40209198]
  [  11.98737144   -7.52253246  -25.59597206 ...,  -10.91003418
     37.92351913  -21.80688667]]

 [[ -42.68152618  -15.15310669  -29.91113853 ...,  -42.82845306
     -3.75909853  -23.23361778]
  [ -18.74498177   -0.43820831  -23.17935181 ...,  -61.31329346
     -4.98374939 -100.11361694]
  [ -29.47625923   13.78156376  -10.65184784 ...,  -39.97725677
     -7.64661121  -88.05168152]
  ..., 
  [ -25.05250359  -17.59212685  -27.68183899 ...,  -18.914011     -3.76677132
    -79.69937134]
  [  17.89676285   13.29257584    2.59539604 ...,   23.41908646
     30.72068024  -33.20180511]
  [  15.96343327   14.92695141   -2.13492322 ...,   11.27243805
     19.68057823   -0.68110132]]

 [[  -3.20886445  -16.57903481  -14.46652889 ...,  -26.50645638
      2.10707021  -15.29335976]
  [   1.97367227    5.10114336  -13.5743618  ...,  -35.95140839
      3.34964824  -57.32300949]
  [  -9.97567081   -0.86813909   -8.12185192 ...,   -3.91229153
     -2.70579553  -38.67946243]
  ..., 
  [ -15.18219185  -19.98586464  -21.84409904 ...,   -3.62380219
      5.5782032   -33.38068008]
  [   8.26523876    0.51230276    6.22276497 ...,   30.57547188
     22.67750931    9.81579781]
  [  14.60610485   10.76138592   -4.9021039  ...,   10.43954277
     12.23675919   30.24447823]]]
