[[[ -3.20120125e+01  -3.06050269e+03  -1.66480408e+03  -6.52884888e+02
    -2.01064844e+03  -8.31437073e+02  -2.28985672e+02  -6.20420410e+02
    -1.20268082e+02  -1.45637598e+03   1.06674939e+03  -3.03771777e+03
    -2.98245270e+02  -1.84976050e+03]
  [  1.09065564e+03  -3.12606543e+03  -1.91817126e+03  -1.55849167e+02
    -1.53177258e+03  -1.24011145e+03  -1.50970178e+03  -5.38945862e+02
     9.97978943e+02  -7.48735168e+02   1.12820142e+03  -3.23347607e+03
     4.15191284e+02  -2.32389087e+03]
  [  3.80002832e+03  -6.58129492e+03  -1.41269702e+03  -2.88493848e+03
     1.18750757e+03  -8.74493774e+02  -1.05969189e+03  -7.30908875e+02
     1.86764734e+03   1.21083264e+03   5.64323486e+02  -3.06138965e+03
     1.15927124e+02  -1.55873315e+03]
  [  3.11230322e+03  -3.60272803e+03  -1.89976944e+02  -1.68197595e+03
     3.02616675e+03  -8.27121887e+02  -2.07015594e+02   6.97126343e+02
     1.33861194e+03   2.23121436e+03   9.70444565e+01  -2.00208167e+03
     1.57836633e+03  -1.70567151e+03]]

 [[  6.69510925e+02  -3.70805225e+03  -2.36013354e+03  -1.76665979e+03
    -2.27122803e+03  -1.46939331e+03   1.57331787e+03  -2.00258435e+03
    -5.11069733e+02  -1.82742493e+03   1.72207886e+02  -2.53563916e+03
     2.18608536e+02  -2.36732227e+03]
  [  2.22721826e+03  -3.34666284e+03  -3.63008643e+03  -2.28336841e+03
    -2.79589697e+03  -2.49041602e+03   1.09055396e+03  -5.81884766e+02
    -7.32708282e+01   2.00840240e+02   6.73002625e+02  -2.65189502e+03
     2.26386987e+03  -1.90207361e+03]
  [  2.70854517e+03  -6.37076904e+03  -2.50991895e+03  -3.91752246e+03
    -8.67583847e+01  -1.95612378e+03   9.81949707e+02  -4.02587372e+02
    -2.65731323e+02   6.91554260e+02   3.27819397e+02  -2.58258228e+03
     1.43917749e+03  -1.46096912e+03]
  [  1.95127454e+03  -2.80067822e+03  -2.57086487e+02  -2.70919409e+03
     1.92092407e+03  -1.56288257e+03   6.88384216e+02   5.57606079e+02
     8.79620789e+02   1.55369885e+03   7.33696899e+02  -1.90853101e+03
     5.07039551e+02  -1.74910364e+03]]

 [[ -1.16659546e+03  -2.79361841e+03  -2.54939600e+03  -2.86859937e+03
    -2.31847925e+03  -1.28886462e+03   2.29747070e+03  -9.90390869e+02
     3.99604950e+02   1.07536755e+03  -5.59881409e+02  -1.74116113e+03
     9.27072388e+02  -2.03564172e+03]
  [  2.67686859e+02  -3.06389771e+03  -2.60570142e+03  -3.13957886e+03
    -2.45348364e+03  -2.79582886e+03   2.64437817e+03  -6.65820557e+02
     8.47732258e+00   2.44721118e+03   2.90844299e+02  -1.55186292e+03
     2.94639160e+03  -2.39878857e+03]
  [  2.09238224e+01  -3.84759473e+03  -2.19003784e+03  -3.91526782e+03
    -1.08108362e+03  -2.97007178e+03   3.64807056e+03  -7.96082642e+02
    -7.31384277e+02   2.35270630e+03   1.79600964e+03  -3.35614795e+03
     1.42560339e+03  -1.58585181e+03]
  [ -4.41979885e+00  -2.84491577e+03  -1.40735754e+03  -2.35360864e+03
     1.86164758e+03  -1.29985730e+03   2.84559717e+03  -9.55884323e+01
    -1.00992493e+02   1.19810425e+03   2.57915967e+03  -1.64582922e+03
     5.37443726e+02  -1.96818384e+03]]

 [[ -2.14225000e+03  -1.43657922e+03  -1.40620911e+03  -3.78300171e+02
    -1.82390723e+03  -1.16363733e+03   2.99446228e+02  -2.70554810e+02
     2.27990417e+02   8.16851135e+02  -2.40737640e+02  -1.78662732e+03
    -1.33375229e+02  -1.29179639e+03]
  [ -9.93793457e+02  -2.81068994e+03  -1.68708118e+03  -1.58102429e+03
    -1.90353516e+03  -2.26885571e+03   2.54150171e+03  -3.50311310e+02
    -7.51746826e+01   1.45682385e+03   8.04384277e+02  -1.13872449e+03
     1.64015320e+03  -1.63648547e+03]
  [ -2.10189038e+03  -2.93293213e+03  -4.94640320e+02  -3.16614209e+03
    -1.06482956e+02  -2.99850293e+03   4.18592822e+03  -1.37774756e+03
    -8.04381165e+02   1.85792102e+03   1.59960889e+03  -2.14805908e+03
     1.46262549e+03  -1.63925073e+03]
  [ -1.63319543e+03  -1.99991309e+03  -8.13421814e+02  -2.11069922e+03
     1.81226843e+03  -1.07953955e+03   3.87280762e+03  -1.19873633e+03
    -9.35697144e+02   1.16155103e+03   1.98462268e+03  -5.13651672e+02
     6.06415161e+02  -1.60469104e+03]]]
