[[[  1930.28442383   3747.33447266   5337.36279297  -3089.62011719
     5060.35302734 -13726.88476562  -4984.06103516   2957.55322266
    -8845.08007812  -9186.66699219  -1699.75866699   4146.52392578
     -586.99884033  -3131.50708008]
  [  5424.93261719   5632.47265625   5978.52978516  -4205.37109375
     5671.17285156  -9878.24902344  -7886.61181641   4500.09570312
    -7286.13134766  -9260.54492188   -183.07025146   -166.25837708
    -1196.83007812 -10229.74609375]
  [ -2740.36108398   6889.16308594   7832.11621094  -3705.2890625
     2889.51928711 -16137.25878906  -5719.26757812   9626.31054688
    -6188.61328125  -9158.96972656  -3210.03930664  -5517.88330078
    -8442.81640625 -12385.47558594]
  [ -2796.34863281   6764.59667969   4893.61767578  -1298.11682129
      134.24603271  -9688.57324219  -2444.07958984  10010.11914062
    -1124.05969238  -9015.3359375   -3328.72973633  -8593.99414062
    -9012.36328125  -7617.03369141]]

 [[ -2243.72680664   1345.62194824   5071.89013672  -4442.78222656
    -2218.21044922 -16848.02148438  -2325.73388672  -6612.5703125
    -6903.53320312  -4066.40014648  -3716.12060547   2979.67382812
     -639.87402344  -5634.61962891]
  [  -249.24014282    541.09936523   7731.86425781  -9939.01464844
    -2275.74169922 -10135.82519531  -8827.74707031  -5340.95458984
    -7712.42529297  -7442.65576172  -2239.83569336  -1008.10491943
    -2292.16259766 -12476.00195312]
  [ -7141.1640625    4253.43066406   9653.68457031  -7822.22460938
    -2532.40893555 -11971.23730469  -9434.22265625    448.96356201
    -8530.03613281 -12164.09863281  -7769.27490234 -10301.27636719
    -4876.54980469 -12535.8046875 ]
  [ -6652.58251953   6462.34765625   8903.71484375  -7857.00537109
    -3022.14257812  -6779.59716797  -6211.54345703   3093.90307617
    -3341.86376953 -11497.48535156  -6735.84130859 -13492.00976562
    -7206.33789062  -3087.40405273]]

 [[   931.8848877     475.27664185   5016.8046875   -5525.92041016
    -6083.19335938 -15349.38085938   1358.07104492  -8498.84082031
    -5345.5859375   -5501.73095703  -2369.47314453  -4709.79541016
      616.11584473  -9686.58300781]
  [  3697.88208008  -4935.62158203   6897.74267578  -8544.20019531
    -6227.76464844  -9352.85449219  -3831.24023438 -14113.25292969
    -8866.42285156 -14702.40722656  -3645.53833008  -4068.44189453
     -976.9977417  -10997.29003906]
  [  -147.64585876  -2194.62792969   8218.38378906  -7767.40136719
    -4967.640625    -5719.22998047  -5309.89404297 -11490.81542969
   -13440.97070312 -14342.23046875  -9055.33398438 -12765.52050781
    -6484.82861328 -11738.55664062]
  [   165.32957458   -320.49121094   6782.47119141  -8605.64355469
    -4007.88549805  -5295.546875    -6063.01904297  -4283.94433594
    -6835.75732422 -10690.27636719  -7932.48339844 -14857.87207031
    -6634.80078125  -2411.14770508]]

 [[  1986.62268066   3471.06274414   4181.19677734  -2465.47729492
    -7539.34082031 -11856.81640625   2945.07250977 -12529.47070312
    -4911.74267578  -4724.04931641   -979.70245361  -4726.1953125
    -4326.82617188 -10497.44042969]
  [  2737.33349609   -307.26480103   4927.93847656  -4849.69335938
    -8022.47558594  -6563.96386719   1798.43859863 -15547.01953125
    -5084.36914062 -10255.98730469  -3649.2121582   -2845.95166016
    -7216.58105469  -8442.12402344]
  [  1507.74682617    -77.28675842   3602.97753906  -5031.73242188
    -2058.75512695  -3376.89306641     22.34463882 -12155.0625
    -5862.14355469  -7468.35546875  -6146.16601562  -5806.48974609
    -5223.23242188  -4045.62646484]
  [  1337.11169434   -677.70684814   3983.53125     -4420.98046875
    -2067.14697266  -2593.95776367  -2697.71801758  -5836.04785156
    -2784.60449219  -5988.05224609  -3919.78417969  -7680.30126953
    -1789.2064209    1268.18920898]]]
