[[[  201.92608643     0.             0.             0.             0.
       0.             0.             0.             0.             0.
     421.54901123     0.           189.61199951     0.        ]
  [    0.             0.             0.             0.             0.
       0.             0.             0.           948.80560303     0.
    1170.37414551     0.             0.             0.        ]
  [ 3735.39501953     0.             0.             0.           701.56872559
       0.             0.             0.          1784.8416748
     586.50109863  1397.36547852     0.             0.             0.        ]
  [ 3045.734375       0.             0.             0.          2736.04272461
       0.             0.          1231.07824707  1688.5604248
    2847.17456055   847.21887207     0.          2050.71264648     0.        ]]

 [[ 1601.30895996     0.             0.             0.             0.
       0.          1662.73071289     0.             0.             0.
       0.             0.           168.28399658     0.        ]
  [ 3197.97827148     0.             0.             0.             0.
       0.          1779.7265625      0.             0.             0.
     248.07081604     0.          2757.82006836     0.        ]
  [ 2877.50317383     0.             0.             0.             0.
       0.           573.73742676     0.             0.             0.
       0.             0.          1822.1887207      0.        ]
  [ 2488.66748047     0.             0.             0.          1676.38146973
       0.           754.82623291   225.20803833   335.20996094
    1706.08288574   833.29290771     0.          1174.35986328     0.        ]]

 [[    0.             0.             0.             0.             0.
       0.          3147.35253906     0.           456.7258606
    1493.24487305     0.             0.          1470.21594238     0.        ]
  [    0.             0.             0.             0.             0.
       0.          4256.80810547     0.             0.          2607.93652344
    1155.18835449     0.          3037.99951172     0.        ]
  [    0.             0.             0.             0.             0.
       0.          4929.84326172     0.             0.          2495.38574219
    2975.70043945     0.          1431.14404297     0.        ]
  [    0.             0.             0.             0.          2123.47705078
       0.          3462.80151367     0.             0.          1691.97692871
    3821.43554688     0.           992.9041748      0.        ]]

 [[    0.             0.             0.             0.             0.
       0.           271.35009766     0.           748.44049072
    1184.57922363     0.             0.           495.83703613     0.        ]
  [    0.             0.             0.             0.             0.
       0.          2224.10351562     0.             0.          1675.74279785
     405.14590454     0.          1365.90576172     0.        ]
  [    0.             0.             0.             0.             0.
       0.          5083.40673828     0.             0.          2010.56384277
    1759.25219727     0.           684.53942871     0.        ]
  [    0.             0.             0.             0.          1999.9934082
       0.          4446.29980469     0.             0.          1457.84289551
    2318.19238281     0.           305.77041626     0.        ]]]
