[[[   147.53327942  -3592.73046875 -12692.07421875 -11997.54589844
     -519.92370605 -13081.2578125    9030.22070312  -4078.98291016
    -4651.62158203  18165.3828125   -3515.50268555   2794.0324707
    -9082.90917969   3110.85083008]
  [ -4820.75634766  -6333.56396484 -12916.86914062  -4408.72363281
    -4256.68554688  -9800.08007812   8662.14355469  -5236.98828125
      602.11938477   6700.94189453  -9697.39746094  -8390.5078125
      243.10900879   7048.04541016]]

 [[  1000.31604004  -6128.44921875 -10522.29785156  -8807.21679688
    -4633.00537109  -9612.8203125    1069.25378418 -11600.88476562
    -7767.89160156   4198.92773438  -9047.78417969   6318.58447266
    -6464.63037109   7114.82373047]
  [ -1528.90527344  -9975.2890625   -5330.99462891    978.32519531
    -4902.91210938 -14841.36035156 -11551.015625    -3676.99462891
     1035.92907715  -5816.64208984  -8330.55859375   1286.30969238
    -4600.02050781   4436.98779297]]]
