[[[   7.20050621 -131.22422791 -241.60748291 -510.81561279 -145.42001343
   -386.99523926  180.22521973 -326.26809692 -278.20202637 -160.51626587
   -284.20755005  -36.16484833 -327.10549927 -304.76046753]
  [-432.17483521 -401.89120483  245.03283691 -215.22294617 -115.67050171
   -368.76046753  -88.44591522 -167.43144226 -243.95466614 -256.77859497
    -18.2276783  -206.71327209 -593.62420654 -390.74554443]
  [-240.07846069 -485.01757812  329.68496704 -382.93014526 -361.51876831
   -152.70596313  -71.55523682   59.82192993 -504.97280884 -498.15963745
    -97.73442841 -125.34054565 -540.07543945 -529.98126221]
  [-223.00616455 -578.58361816  273.53863525 -391.24371338 -250.74588013
   -313.4190979   -29.31307793   56.70413208 -565.93933105 -454.47390747
    -80.92684937  -78.09253693 -471.63415527 -510.84533691]
  [-172.03819275 -691.19567871  374.80111694 -236.01133728 -275.35510254
   -411.15771484 -114.42355347  -15.26016617 -456.03140259 -514.96875
   -175.59181213 -175.57025146 -552.71228027 -499.62033081]
  [ -44.40930557 -446.21929932  327.59103394 -531.12670898 -231.58192444
   -425.27496338   -9.82849598 -208.82536316 -421.79104614 -609.38922119
   -230.24461365 -344.8409729  -384.1385498  -429.9906311 ]
  [-371.08325195 -403.45861816   85.77888489 -828.48901367 -461.56973267
   -146.43231201  -52.99533463  -14.12806416 -137.04379272 -423.05099487
    -28.08237839 -330.08789062 -322.01968384 -282.35061646]
  [-678.6875     -501.20217896  380.07666016 -371.2494812  -446.40740967
    -99.08686829 -157.28009033  471.30947876 -289.91757202 -131.99555969
    121.23241425 -302.71005249 -546.98535156  -57.15626144]]

 [[-201.08932495 -300.75195312   -4.01287699 -442.88876343 -281.83566284
   -191.78288269 -157.31393433 -551.6519165  -243.35943604 -165.94551086
   -400.61975098 -188.38459778 -437.51223755 -223.36946106]
  [-656.00384521 -366.82247925  358.25418091 -202.14971924 -244.94041443
     -8.7274704  -373.20169067 -371.15591431 -454.75939941 -331.38012695
   -131.06575012 -298.27645874 -814.15722656 -373.61538696]
  [-347.15518188 -522.55535889  526.75769043 -138.89491272 -513.97796631
     53.0781517  -426.86383057  -52.92101288 -578.9475708  -506.75234985
   -186.62434387 -289.21640015 -593.09020996 -408.34002686]
  [-380.78753662 -627.33856201  490.72485352 -229.87583923 -305.76309204
     80.88871002 -439.09771729 -192.16085815 -577.62042236 -411.39093018
    -42.4348259  -329.3526001  -614.68029785 -616.44903564]
  [-460.21032715 -692.87060547  403.48205566  -86.45497131 -332.61599731
     72.54283905 -482.40753174 -261.48867798 -600.82849121 -528.07562256
   -201.0135498  -235.34376526 -631.45733643 -490.74755859]
  [-276.5581665  -691.55541992  633.86407471 -295.14477539 -304.70025635
     15.05503178 -574.69580078 -629.87548828 -338.98348999 -621.65570068
   -232.37756348 -422.85250854 -429.68899536 -506.65744019]
  [-337.93450928 -601.47009277  489.13980103 -698.91290283 -450.69628906
   -215.25158691 -515.78594971 -553.39892578 -163.9697113  -320.43023682
   -286.00646973 -565.09985352 -321.9480896  -318.5458374 ]
  [-421.94058228 -574.74468994  584.11834717 -122.84380341 -222.22431946
   -402.00894165 -436.06057739  -55.6471405  -420.16311646  -51.23825455
   -187.31019592 -537.72467041 -328.1857605   -97.49538422]]

 [[-228.58834839 -324.94265747 -193.42903137 -457.45425415 -349.10421753
   -113.49977112 -242.80990601 -415.17333984 -551.60968018 -408.51382446
   -277.41162109 -164.0861969  -673.22637939 -343.71694946]
  [-606.53656006 -348.32458496   59.01831436 -248.3835907  -377.94836426
     28.95944405 -237.54954529 -217.38523865 -505.05105591 -616.11749268
   -193.03349304 -548.69628906 -929.40618896 -376.03616333]
  [-313.66708374 -399.93997192  230.72683716 -237.69210815 -599.48291016
     39.87804031 -424.05865479   93.17512512 -693.94665527 -568.84832764
   -287.84204102 -765.83129883 -818.14691162 -464.65704346]
  [-361.75579834 -528.83691406  247.18559265 -243.38684082 -578.50061035
    163.61218262 -409.42727661  157.6783905  -643.41363525 -594.45593262
   -205.99177551 -700.81103516 -812.31414795 -619.95904541]
  [-434.4493103  -598.50793457  151.5660553  -134.09008789 -454.88027954
     98.76180267 -326.94274902  125.39701843 -877.39123535 -724.39099121
   -387.52645874 -663.7210083  -775.50201416 -582.18548584]
  [-234.69648743 -642.29595947  188.24119568 -363.05700684 -327.86291504
     53.91033936 -706.5848999  -109.00530243 -672.79870605 -772.60375977
   -396.30038452 -759.26898193 -568.10595703 -609.24176025]
  [-227.11401367 -384.77380371  311.86804199 -764.48077393 -713.12451172
   -106.64693451 -383.11843872 -333.37063599 -307.43600464 -518.89245605
   -493.86907959 -730.43566895 -440.30343628 -355.9362793 ]
  [-491.6987915  -398.8487854   518.59338379  -38.24394608 -431.73236084
   -338.81448364 -103.34275818   19.37883568 -254.14692688 -161.79853821
   -347.48345947 -910.50085449 -556.61694336 -163.34912109]]

 [[-227.53126526 -245.21324158 -234.83863831 -351.05697632 -289.97573853
   -205.87234497 -248.79145813 -205.27400208 -590.44171143 -449.85058594
   -282.33999634  -13.56197739 -354.55767822 -357.1781311 ]
  [-592.35400391 -345.10079956   43.82574463 -145.06288147 -342.65499878
   -111.70227814 -245.44685364 -147.54695129 -455.99575806 -764.44195557
   -190.2210083  -184.55804443 -708.67034912 -336.35507202]
  [-357.24346924 -430.43273926  192.14390564 -255.54669189 -634.39013672
    -66.07623291 -596.40478516  215.1565094  -739.50720215 -693.01190186
   -251.40570068 -408.16821289 -640.93347168 -416.2701416 ]
  [-418.00131226 -382.47329712  129.67910767 -195.56578064 -466.99737549
     18.17616844 -475.7232666   218.13598633 -613.92456055 -789.05285645
   -137.29902649 -453.7059021  -619.04504395 -444.65396118]
  [-313.70092773 -575.61505127  106.92650604  -90.78835297 -538.49908447
   -105.3935318  -467.42581177  164.21064758 -766.01031494 -860.44433594
   -208.33799744 -409.51367188 -836.37231445 -363.04891968]
  [-367.00900269 -545.12103271   71.02485657 -354.75195312 -583.80352783
     -8.29652214 -802.09509277    9.31682205 -738.55828857 -891.87127686
   -435.38989258 -601.05596924 -529.137146   -390.7562561 ]
  [-329.92391968 -235.40827942  177.11488342 -829.94592285 -583.58343506
   -154.19584656 -404.32736206 -155.04008484 -285.82058716 -721.35510254
   -326.95718384 -680.24328613 -352.2739563  -192.94352722]
  [-626.61480713 -207.21218872  320.58502197  -93.46401978 -602.39141846
   -192.07705688 -131.53361511  155.35513306 -203.13735962 -312.69030762
   -165.48234558 -800.26782227 -535.91516113 -102.12774658]]

 [[-137.15376282 -365.50698853 -184.97132874 -306.36004639 -269.97756958
    -68.66416931 -311.97592163 -305.86935425 -495.06610107 -452.29244995
   -370.02627563 -122.62552643 -581.07342529 -289.152771  ]
  [-448.72198486 -421.80099487   27.19001198 -112.5216217  -331.67727661
    -95.8841095  -395.30297852 -190.08947754 -446.58886719 -750.39208984
   -323.59066772 -375.42504883 -792.90063477 -270.57562256]
  [-307.24551392 -442.34786987  189.21836853 -162.38806152 -485.9616394
   -132.06448364 -577.99267578  140.75241089 -487.40078735 -714.62469482
   -171.09651184 -518.79852295 -747.78552246 -519.99047852]
  [-357.09860229 -493.00305176   47.85296249 -118.09767151 -514.50067139
     19.6551609  -545.61169434  159.94207764 -571.24139404 -724.20355225
    -11.34167099 -621.20776367 -704.10852051 -470.84436035]
  [-289.92733765 -609.42773438   95.73777008  -79.49894714 -429.23129272
    -63.71513748 -415.44158936   66.16941833 -671.55249023 -822.09881592
   -204.36735535 -500.17095947 -839.87200928 -468.56018066]
  [-337.0619812  -640.12237549  285.12536621 -297.70904541 -355.66531372
    -35.6919632  -743.88952637 -174.27374268 -703.50012207 -785.64569092
   -362.34442139 -660.1184082  -728.51641846 -410.35604858]
  [-328.13476562 -350.66445923  269.81716919 -872.46014404 -521.79760742
   -161.32765198 -407.4899292  -245.55741882 -211.77775574 -614.27282715
   -403.95379639 -855.32836914 -371.38595581 -294.35916138]
  [-653.2756958  -301.98886108  311.09509277 -164.05108643 -424.14315796
   -215.75863647  -55.0545845   205.65820312 -334.40057373 -362.44894409
   -158.04440308 -792.07366943 -436.43475342 -205.75337219]]

 [[-186.3553772  -343.73428345 -178.23168945 -335.13748169 -204.61865234
   -136.86286926 -188.8453064  -223.54660034 -490.79663086 -470.30731201
   -233.02433777  -71.53983307 -539.26379395 -214.73680115]
  [-445.30575562 -310.17483521  143.25382996 -234.08616638 -248.25421143
   -313.36828613 -223.38311768 -253.76881409 -383.05587769 -580.53961182
   -188.33880615 -389.30001831 -702.13220215 -372.43093872]
  [-165.08596802 -401.54141235  174.42582703 -173.7653656  -452.04736328
   -205.5249176  -287.76013184   60.80934906 -458.95892334 -596.03936768
   -280.41085815 -631.36553955 -722.51861572 -554.83032227]
  [-183.87805176 -370.38516235   78.30421448 -236.42631531 -495.47097778
   -185.96922302 -142.1355896   117.66670227 -423.77224731 -657.36767578
    -48.10570526 -567.99273682 -606.4197998  -540.6595459 ]
  [-261.44631958 -518.08422852  194.36978149  -71.77693176 -446.14569092
   -130.33744812  -23.18000984   49.64197159 -581.44177246 -708.60882568
   -207.92962646 -539.72637939 -890.48376465 -679.22613525]
  [-279.56231689 -459.90716553  155.4118042  -343.3757019  -370.05548096
    -98.2748642  -411.46768188  -70.30924988 -541.39367676 -652.84350586
   -368.58453369 -578.35772705 -705.40435791 -597.46850586]
  [-227.14419556 -332.49810791  297.49780273 -799.16125488 -664.13677979
   -231.04179382 -280.79910278 -254.7797699  -304.72286987 -526.17358398
   -469.04794312 -724.02227783 -318.759552   -321.64605713]
  [-575.35491943 -310.42056274  441.20269775 -113.28205109 -531.34838867
   -355.95144653   51.84873199   71.15257263 -356.00463867 -424.41217041
   -372.70874023 -716.57556152 -536.49121094 -211.796875  ]]

 [[-202.31690979  -82.61594391  -63.89074326 -173.4485321    48.38745499
    -51.35787964 -174.2061615   -89.43890381 -509.91690063 -247.08325195
   -254.49839783  108.29894257 -180.4664917   -65.72045135]
  [-395.8508606  -344.39559937   53.46795654  -45.70277023  -86.51031494
    -40.43814468 -151.65168762    7.54473925 -412.49090576 -448.2543335
   -382.2272644   -21.38607216 -327.07684326  -81.48567963]
  [-289.81655884 -412.32192993    0.93561667  -98.69380188 -260.97720337
     19.44706917 -292.54016113  266.40374756 -396.87188721 -629.62036133
   -416.9380188   -86.1245575  -335.92321777 -244.5838623 ]
  [-355.28997803 -399.8817749   -36.38386917 -170.65853882 -202.21482849
     34.28230667 -293.15039062  291.30200195 -410.62155151 -630.20758057
   -337.84777832 -110.36787415 -240.94302368 -151.69958496]
  [-344.80203247 -594.71136475   70.94715118  -61.43170166 -381.74569702
    263.48672485 -342.54190063  326.0791626  -456.95584106 -734.79864502
   -453.51348877  -19.27380562 -382.82312012 -259.1690979 ]
  [-427.44448853 -593.23449707  -57.32528305 -241.68095398 -276.38143921
    341.35195923 -731.5         197.58328247 -395.52642822 -840.22631836
   -467.63223267 -105.93442535  -96.1486969  -254.32574463]
  [-334.50064087 -586.65393066  190.06507874 -585.95227051 -426.54620361
     89.29975891 -559.89886475  148.91952515 -416.93563843 -663.64312744
   -297.71005249 -148.5652771  -107.30245972 -204.2699585 ]
  [-330.59466553 -593.98162842  168.37651062    6.63886786 -426.93893433
     13.55041981 -124.31232452  260.21353149 -248.80848694 -579.47503662
   -197.14654541 -239.43722534 -405.52093506 -196.53820801]]

 [[-285.77722168 -214.04460144  -32.63685608  -42.43916321  -60.75495148
    254.11120605 -302.81448364 -174.24159241 -180.54017639 -270.1289978
   -281.38690186  -50.12447357 -329.95349121  -68.83427429]
  [-400.14324951 -211.62615967   26.66015816  167.67417908  -68.52381134
    241.96472168 -282.61245728 -109.24558258 -335.62179565 -516.92205811
   -399.83932495 -241.42366028 -318.94207764   19.73665237]
  [-296.85241699 -265.61254883  145.80703735   67.9556427  -235.5819397
    237.77633667 -493.45581055  134.27171326 -338.11651611 -563.10803223
   -389.0411377  -333.18405151 -286.02938843  -88.03955078]
  [-334.3633728  -235.82598877    3.50586557  105.61954498 -286.24087524
    180.23704529 -413.22229004  182.23880005 -336.45059204 -484.1368103
   -318.15106201 -431.62982178 -299.91131592 -104.28263855]
  [-300.89263916 -345.4699707    47.43589783  107.04174805 -201.11888123
    277.02175903 -475.85189819  145.45056152 -435.09796143 -640.93133545
   -471.30438232 -480.25714111 -242.08560181 -152.16563416]
  [-359.91903687 -462.95977783   13.54199123  -90.34841156 -214.19189453
    325.40246582 -849.55688477    6.56083536 -598.06707764 -494.64492798
   -496.71420288 -481.65267944 -270.20297241  -15.64155197]
  [-284.97146606 -502.99749756  138.59295654 -161.47369385 -356.78625488
    -30.57063484 -615.09692383  -38.56635666 -459.8609314  -254.0559082
   -500.01077271 -488.87893677 -200.152771    -36.8389473 ]
  [-112.54554749 -250.94277954   45.21814728   88.26663208 -146.45623779
   -199.28709412 -193.59461975  136.21847534 -313.33203125 -385.89950562
   -370.21075439 -496.23596191 -267.6388855  -240.44511414]]]
