[[[ 2.0458312   0.          0.         ...,  0.20422742  0.          0.        ]
  [ 0.47578177  0.          0.         ...,  0.          0.66746914  0.        ]
  [ 0.38796777  0.          0.         ...,  0.          0.          0.        ]
  ..., 
  [ 0.29455698  0.          0.         ...,  0.          0.76326311
    0.07543058]
  [ 0.          0.          0.         ...,  0.          0.88362658
    1.11018527]
  [ 0.          0.          0.         ...,  0.          0.          1.15210319]]

 [[ 3.99110651  0.          0.96907485 ...,  0.          0.35756132  0.        ]
  [ 0.4783369   0.          0.         ...,  0.          0.92374915  0.        ]
  [ 0.56321645  0.          0.         ...,  0.          0.          0.        ]
  ..., 
  [ 1.72249734  0.          0.         ...,  0.          2.69380879  0.        ]
  [ 0.          0.35560623  0.         ...,  0.          2.96594524  0.        ]
  [ 0.8541171   0.          0.         ...,  0.          0.          0.96578062]]

 [[ 4.71487951  0.          0.70232809 ...,  0.          3.34648466
    0.47811735]
  [ 0.          0.          0.         ...,  0.          4.90733337  0.        ]
  [ 1.18262267  0.          0.         ...,  0.          0.78584987  0.        ]
  ..., 
  [ 2.70446229  1.01922202  0.         ...,  0.          1.79133809  0.        ]
  [ 2.69600248  5.34102058  0.         ...,  0.          2.32689166  0.        ]
  [ 2.80324221  2.268255    0.         ...,  0.          0.          0.        ]]

 ..., 
 [[ 3.23095894  0.          0.         ...,  0.          2.1620152   0.        ]
  [ 0.          0.          0.         ...,  0.          3.41237235  0.        ]
  [ 2.04920173  1.08947337  0.         ...,  0.          0.06849582  0.        ]
  ..., 
  [ 1.32671869  0.49620202  0.         ...,  0.          0.          0.        ]
  [ 1.61202502  1.63811445  0.         ...,  0.          1.02780902  0.        ]
  [ 0.66584438  0.31344578  0.         ...,  0.          0.47240677  0.        ]]

 [[ 2.41883016  0.04777387  0.         ...,  0.22395089  3.21548033  0.        ]
  [ 0.          0.62380922  0.         ...,  0.          3.6166544   0.        ]
  [ 1.09591353  1.40600884  0.         ...,  0.          0.74135739  0.        ]
  ..., 
  [ 0.98367268  1.81275356  0.         ...,  0.          0.73612505  0.        ]
  [ 1.50513017  2.87172437  0.         ...,  0.          2.12398982  0.        ]
  [ 0.60730237  0.87486356  0.         ...,  0.          0.89915538  0.        ]]

 [[ 0.87558913  0.09725153  0.         ...,  0.          2.44337034  0.        ]
  [ 0.02258256  1.34566247  0.         ...,  0.          2.61673999  0.        ]
  [ 1.87950218  2.50979161  0.         ...,  0.          0.44359112  0.        ]
  ..., 
  [ 0.74926817  1.86912203  0.         ...,  0.          0.79988956  0.        ]
  [ 2.1856823   2.36360598  0.         ...,  0.          1.79499602  0.        ]
  [ 1.44296336  2.10737062  0.         ...,  0.          1.11884785  0.        ]]]
