[[[-34935.1015625  -15006.671875   -10813.00585938  -9662.26953125
    14778.02246094 -23324.00976562  -2257.88793945  37417.19921875
     7742.06445312 -22495.3515625   21266.88476562  14760.80566406
    50398.328125   -16347.00683594]
  [-45451.03125    -16277.49023438  -4264.15380859  -8031.33300781
    14780.62988281    -68.89281464   2237.02758789  27320.3515625
    30711.98828125  -1626.72131348  -7136.16601562  12407.94335938
     6706.06494141 -53967.6171875 ]]

 [[-12591.47949219 -46658.4140625   19632.77734375 -33081.69140625
    14076.72851562 -63180.8046875    2217.20654297  20884.14453125
    -3573.06762695   3199.81518555 -11471.27050781 -21038.48242188
    45951.2890625   -2392.57983398]
  [  1389.94177246 -22896.85351562 -32545.64648438 -18724.09570312
    -2063.22680664 -10147.5390625     956.51055908 -19532.23632812
    -9370.94335938    497.84365845  16441.31054688  -6690.875
     8826.81933594 -17123.17382812]]]
