[[[  2487.25244141      0.              0.              0.              0.
        0.           9620.60546875      0.              0.          22620.16796875
        0.           2410.0144043       0.           1705.70373535]
  [     0.              0.              0.              0.              0.
        0.           9410.15039062      0.              0.           9884.56640625
        0.              0.            499.79348755   6990.98828125]]

 [[    47.25847244      0.              0.              0.              0.
        0.           1930.04260254      0.              0.           3867.71508789
        0.           5424.41650391      0.           7408.18261719]
  [     0.              0.              0.              0.              0.
        0.              0.              0.           2349.70117188      0.
        0.              0.              0.           5768.81103516]]]
