[[[ 0.          0.          0.         ...,  0.          4.0182085
    3.05793905]
  [ 0.          1.19394517  0.45802176 ...,  0.          4.19790363
    1.31780446]
  [ 0.          0.99535811  0.96893352 ...,  0.          2.93550205
    1.13985002]
  ..., 
  [ 0.          1.76619577  1.63375282 ...,  0.          4.87290239
    0.43209767]
  [ 1.25932705  0.38731527  3.54227018 ...,  0.65203708  2.81875014  0.        ]
  [ 2.05035162  0.          3.03838015 ...,  1.15562439  0.47620845  0.        ]]

 [[ 0.          1.20862925  1.19808424 ...,  0.          4.47515965
    3.75516033]
  [ 0.          4.60190058  2.02339792 ...,  0.          4.32966089
    0.85801417]
  [ 0.          1.90493524  3.60498619 ...,  0.02665404  3.0906446   0.        ]
  ..., 
  [ 0.          3.62966442  5.09346199 ...,  0.          4.37769556  0.        ]
  [ 0.          1.12500834  5.35183096 ...,  0.          0.09354548  0.        ]
  [ 0.67755723  0.          4.00716543 ...,  0.221103    0.          0.        ]]

 [[ 0.          2.02023029  0.         ...,  0.          4.28298473
    3.53095198]
  [ 0.          0.66495019  0.06299509 ...,  0.          2.80511785  0.        ]
  [ 0.          1.33868515  2.77557325 ...,  0.          6.39077997
    1.80618203]
  ..., 
  [ 0.          1.23259807  4.70114851 ...,  0.          3.74332237  0.        ]
  [ 0.          0.66621667  4.57151079 ...,  0.          0.          0.        ]
  [ 0.          0.          3.87289548 ...,  1.06822312  0.          0.        ]]

 ..., 
 [[ 0.          0.          0.         ...,  0.          6.30275631
    3.27871442]
  [ 0.          1.65728641  1.07622516 ...,  0.          3.21092701  0.        ]
  [ 0.          2.05846548  3.44336152 ...,  0.          2.65712237  0.        ]
  ..., 
  [ 0.          0.83580559  5.13409805 ...,  0.          1.41464412  0.        ]
  [ 0.          0.          7.03907299 ...,  0.          0.          0.        ]
  [ 0.          1.05175352  4.50666237 ...,  0.21188585  0.          0.        ]]

 [[ 0.          1.99095225  1.06502628 ...,  0.          5.85170889
    2.45440865]
  [ 0.          1.54875934  5.3183527  ...,  0.          4.34045649  0.        ]
  [ 0.          1.65864587  9.63554955 ...,  0.          1.49244022  0.        ]
  ..., 
  [ 0.          2.69142795  6.78260136 ...,  0.          1.47614396  0.        ]
  [ 0.          0.37569237  4.65233088 ...,  0.          0.          0.        ]
  [ 0.          0.          5.07458735 ...,  0.          0.          0.        ]]

 [[ 0.          5.70629406  3.91323185 ...,  0.          2.2665751
    0.02695817]
  [ 0.          2.86292958  6.10269451 ...,  0.          0.8071115   0.        ]
  [ 0.          3.20004845  6.32650423 ...,  0.          0.          0.        ]
  ..., 
  [ 0.          1.69837213  4.98238802 ...,  0.          0.          0.        ]
  [ 0.          0.17435357  3.59629512 ...,  0.          0.          0.        ]
  [ 0.          0.55096012  3.0633285  ...,  0.          0.          0.        ]]]
