[[[    0.             0.             0.             0.             0.
       0.            58.91445923     6.28188658     0.             0.
     371.57946777     0.             0.             0.        ]
  [  206.74420166     0.             0.             0.             0.
       0.             0.             0.           164.63400269     0.
     425.97592163     0.            81.68618011     0.        ]
  [ 2309.47583008     0.             0.             0.             0.
       0.             0.             0.           561.52508545
     696.90496826  1020.01843262     0.            45.37845993     0.        ]
  [ 2327.64868164     0.             0.             0.          1334.5201416
       0.             0.           733.43737793   990.24133301
    1585.08984375   706.38684082     0.          1012.68530273     0.        ]]

 [[    0.             0.             0.             0.             0.
       0.           527.37640381     0.             0.             0.
       0.             0.           109.12327576     0.        ]
  [  934.10040283     0.             0.             0.             0.
       0.          1299.36804199     0.             0.             0.
       0.             0.          1469.09057617     0.        ]
  [ 1850.59570312     0.             0.             0.             0.
       0.          1494.32409668     0.             0.             0.
       0.             0.           984.5390625      0.        ]
  [ 1076.36108398     0.             0.             0.           792.07086182
       0.           735.9854126      0.             0.          1181.21875
     396.22137451     0.           607.7041626      0.        ]]

 [[    0.             0.             0.             0.             0.
       0.          1512.63549805   161.68301392     0.           468.62466431
       0.             0.           677.45220947     0.        ]
  [    0.             0.             0.             0.             0.
       0.          2165.5637207      0.             0.          1441.95324707
     895.02575684     0.          1475.81616211     0.        ]
  [    0.             0.             0.             0.             0.
       0.          3076.43457031     0.             0.          1750.84545898
    1437.77844238     0.           497.21044922     0.        ]
  [    0.             0.             0.             0.          1202.20178223
       0.          2284.40942383     0.             0.          1111.94177246
    2089.73413086     0.           628.50897217     0.        ]]

 [[    0.             0.             0.            95.87568665     0.
       0.             0.             0.            19.27575111
     279.02340698     0.             0.           466.40097046     0.        ]
  [    0.             0.             0.             0.             0.
       0.          1469.79675293    12.94732571     0.           556.39672852
     301.2350769      0.           715.78540039    43.24066925]
  [    0.             0.             0.             0.             0.
       0.          2462.52563477     0.             0.          1303.23864746
     655.54382324     0.             0.             0.        ]
  [    0.             0.             0.             0.           898.5111084
       0.          2560.41088867     0.             0.           739.68798828
    1353.21484375     0.           677.82641602     0.        ]]]
