[[[  3.25037432e+00   0.00000000e+00   1.94262862e-02 ...,   0.00000000e+00
     2.25450873e+00   7.13751674e-01]
  [  1.64113075e-01   0.00000000e+00   4.89955604e-01 ...,   0.00000000e+00
     3.17415094e+00   3.34895402e-01]
  [  4.24413681e-01   0.00000000e+00   0.00000000e+00 ...,   0.00000000e+00
     1.42680192e+00   7.19346762e-01]
  ..., 
  [  2.30242953e-01   0.00000000e+00   0.00000000e+00 ...,   0.00000000e+00
     1.13525701e+00   6.41724288e-01]
  [  0.00000000e+00   0.00000000e+00   0.00000000e+00 ...,   0.00000000e+00
     1.96699357e+00   1.54698634e+00]
  [  0.00000000e+00   0.00000000e+00   0.00000000e+00 ...,   0.00000000e+00
     2.22064659e-01   1.12566698e+00]]

 [[  3.67619395e+00   0.00000000e+00   7.06998110e-01 ...,   0.00000000e+00
     1.91936374e+00   1.31719545e-01]
  [  5.18313825e-01   0.00000000e+00   2.33367115e-01 ...,   0.00000000e+00
     2.51411557e+00   0.00000000e+00]
  [  1.82242179e+00   0.00000000e+00   0.00000000e+00 ...,   0.00000000e+00
     4.90487874e-01   0.00000000e+00]
  ..., 
  [  9.95574713e-01   0.00000000e+00   0.00000000e+00 ...,   0.00000000e+00
     2.62678526e-02   0.00000000e+00]
  [  9.36081171e-01   1.12581563e+00   0.00000000e+00 ...,   0.00000000e+00
     1.73844278e+00   0.00000000e+00]
  [  5.73674381e-01   3.26516211e-01   0.00000000e+00 ...,   0.00000000e+00
     8.83648247e-02   0.00000000e+00]]

 [[  3.37579656e+00   0.00000000e+00   0.00000000e+00 ...,   0.00000000e+00
     2.62164617e+00   0.00000000e+00]
  [  0.00000000e+00   0.00000000e+00   0.00000000e+00 ...,   0.00000000e+00
     3.37202358e+00   0.00000000e+00]
  [  1.58017993e+00   6.32370174e-01   0.00000000e+00 ...,   0.00000000e+00
     9.28229094e-02   0.00000000e+00]
  ..., 
  [  9.51102853e-01   0.00000000e+00   0.00000000e+00 ...,   0.00000000e+00
     0.00000000e+00   0.00000000e+00]
  [  1.29773581e+00   2.16241837e+00   0.00000000e+00 ...,   0.00000000e+00
     6.50207937e-01   0.00000000e+00]
  [  7.70859778e-01   7.34537721e-01   0.00000000e+00 ...,   0.00000000e+00
     0.00000000e+00   0.00000000e+00]]

 ..., 
 [[  3.30103445e+00   0.00000000e+00   0.00000000e+00 ...,   0.00000000e+00
     3.75719333e+00   0.00000000e+00]
  [  0.00000000e+00   9.81555462e-01   0.00000000e+00 ...,   0.00000000e+00
     4.56765747e+00   0.00000000e+00]
  [  2.43286777e+00   3.24810243e+00   0.00000000e+00 ...,   0.00000000e+00
     5.94268255e-02   0.00000000e+00]
  ..., 
  [  1.84301019e+00   2.60396457e+00   0.00000000e+00 ...,   0.00000000e+00
     0.00000000e+00   0.00000000e+00]
  [  2.53551149e+00   4.34198141e+00   0.00000000e+00 ...,   0.00000000e+00
     0.00000000e+00   0.00000000e+00]
  [  1.99630332e+00   3.75607371e+00   0.00000000e+00 ...,   0.00000000e+00
     0.00000000e+00   0.00000000e+00]]

 [[  1.84056509e+00   0.00000000e+00   0.00000000e+00 ...,   8.76692384e-02
     2.17196345e+00   0.00000000e+00]
  [  0.00000000e+00   5.63205361e-01   0.00000000e+00 ...,   0.00000000e+00
     2.34489822e+00   0.00000000e+00]
  [  1.80701888e+00   3.39123893e+00   0.00000000e+00 ...,   0.00000000e+00
     0.00000000e+00   0.00000000e+00]
  ..., 
  [  7.45142877e-01   1.92201734e+00   0.00000000e+00 ...,   0.00000000e+00
     2.64434695e-01   0.00000000e+00]
  [  1.16546273e+00   2.66765642e+00   0.00000000e+00 ...,   0.00000000e+00
     2.83088744e-01   0.00000000e+00]
  [  1.02093101e+00   1.79489386e+00   0.00000000e+00 ...,   0.00000000e+00
     0.00000000e+00   0.00000000e+00]]

 [[  4.73811567e-01   3.66207436e-02   0.00000000e+00 ...,   9.97559130e-02
     1.94333255e+00   0.00000000e+00]
  [  0.00000000e+00   1.19163609e+00   0.00000000e+00 ...,   0.00000000e+00
     2.10526037e+00   0.00000000e+00]
  [  1.12671554e+00   2.29314566e+00   0.00000000e+00 ...,   0.00000000e+00
     5.66568226e-04   0.00000000e+00]
  ..., 
  [  1.14824975e+00   1.31632972e+00   0.00000000e+00 ...,   0.00000000e+00
     2.72315472e-01   0.00000000e+00]
  [  1.53337765e+00   2.04409146e+00   0.00000000e+00 ...,   0.00000000e+00
     6.70701623e-01   0.00000000e+00]
  [  1.21758544e+00   1.82339680e+00   0.00000000e+00 ...,   0.00000000e+00
     7.68242180e-02   0.00000000e+00]]]
