[[[  98.47766876    0.            0.            0.            0.            0.
    202.96046448    0.            0.            0.            0.            0.
      0.            0.        ]
  [   0.            0.           83.01752472    0.            0.            0.
      0.            0.            0.            0.            0.            0.
      0.            0.        ]
  [   0.            0.          259.11184692    0.            0.            0.
     23.83955574  125.83463287    0.            0.            0.            0.
      0.            0.        ]
  [   0.            0.          239.26780701    0.            0.            0.
     42.05337524   51.2022171     0.            0.            0.            0.
      0.            0.        ]
  [   0.            0.          254.39959717    0.            0.            0.
      0.            0.            0.            0.            0.            0.
      0.            0.        ]
  [   0.            0.          330.74859619    0.            0.            0.
      0.            0.            0.            0.            0.            0.
      0.            0.        ]
  [   0.            0.           99.20396423    0.            0.            0.
      0.            0.            0.            0.           20.23186111
      0.            0.            0.        ]
  [   0.            0.          394.5668335     0.            0.            0.
      0.          390.14105225    0.            0.           73.35406494
      0.            0.            0.        ]]

 [[   0.            0.            0.            0.            0.            0.
      0.            0.            0.            0.            0.            0.
      0.            0.        ]
  [   0.            0.          273.54949951    0.            0.            0.
      0.            0.            0.            0.            0.            0.
      0.            0.        ]
  [   0.            0.          389.41323853    0.            0.
     42.26586914    0.            0.            0.            0.            0.
      0.            0.            0.        ]
  [   0.            0.          393.67495728    0.            0.            0.
      0.            0.            0.            0.            0.            0.
      0.            0.        ]
  [   0.            0.          299.57559204    0.            0.            0.
      0.            0.            0.            0.            0.            0.
      0.            0.        ]
  [   0.            0.          477.03793335    0.            0.            0.
      0.            0.            0.            0.            0.            0.
      0.            0.        ]
  [   0.            0.          361.74301147    0.            0.            0.
      0.            0.            0.            0.            0.            0.
      0.            0.        ]
  [   0.            0.          546.07098389    0.            0.            0.
      0.            0.            0.            0.            0.            0.
      0.            0.        ]]

 [[   0.            0.            0.            0.            0.            0.
      0.            0.            0.            0.            0.            0.
      0.            0.        ]
  [   0.            0.          142.60289001    0.            0.            0.
      0.            0.            0.            0.            0.            0.
      0.            0.        ]
  [   0.            0.          208.63792419    0.            0.
     29.88729858    0.          247.1472168     0.            0.            0.
      0.            0.            0.        ]
  [   0.            0.          126.83646393    0.            0.
    112.40273285    0.          283.09561157    0.            0.            0.
      0.            0.            0.        ]
  [   0.            0.           89.24617004    0.            0.            0.
      0.          115.092453      0.            0.            0.            0.
      0.            0.        ]
  [   0.            0.          212.98010254    0.            0.
     68.21622467    0.            0.            0.            0.            0.
      0.            0.            0.        ]
  [   0.            0.          198.40625       0.            0.            0.
      0.            0.            0.            0.            0.            0.
      0.            0.        ]
  [   0.            0.          487.40359497    0.            0.            0.
      0.          172.11228943    0.            0.            0.            0.
      0.            0.        ]]

 [[   0.            0.            0.            0.            0.            0.
      0.            0.            0.            0.            0.            0.
      0.            0.        ]
  [   0.            0.           93.10460663    0.            0.            0.
      0.            0.            0.            0.            0.            0.
      0.            0.        ]
  [   0.            0.          209.72407532    0.            0.
     54.80438995    0.          302.54351807    0.            0.            0.
      0.            0.            0.        ]
  [   0.            0.           73.55726624    0.            0.
      7.780581      0.          205.55075073    0.            0.            0.
      0.            0.            0.        ]
  [   0.            0.           86.13453674    0.            0.            0.
      0.          153.57357788    0.            0.            0.            0.
      0.            0.        ]
  [   0.            0.          190.33609009    0.            0.
     59.44155884    0.           48.61081314    0.            0.            0.
      0.            0.            0.        ]
  [   0.            0.          212.6444397     0.            0.            0.
      0.            0.            0.            0.            0.            0.
      0.            0.        ]
  [   0.            0.          367.20837402    0.            0.            0.
      0.          167.31561279    0.            0.            0.            0.
      0.            0.        ]]

 [[   0.            0.            0.            0.            0.            0.
      0.            0.            0.            0.            0.            0.
      0.            0.        ]
  [   0.            0.          170.20596313    0.            0.            0.
      0.            0.            0.            0.            0.            0.
      0.            0.        ]
  [   0.            0.          196.56452942    0.            0.
     56.90021133    0.          135.99205017    0.            0.            0.
      0.            0.            0.        ]
  [   0.            0.          115.90357208    0.            0.
      8.79498482    0.          125.67211151    0.            0.            0.
      0.            0.            0.        ]
  [   0.            0.           87.79851532    0.            0.
     87.80072021    0.           50.99534988    0.            0.            0.
      0.            0.            0.        ]
  [   0.            0.          155.3061676     0.            0.
    105.82145691    0.            0.            0.            0.            0.
      0.            0.            0.        ]
  [   0.            0.          245.22860718    0.            0.            0.
      0.            0.            0.            0.            0.            0.
      0.            0.        ]
  [   0.            0.          323.01040649    0.            0.            0.
      0.          144.04394531    0.            0.            0.            0.
      0.            0.        ]]

 [[   0.            0.            0.            0.            0.            0.
      0.            0.            0.            0.            0.
     43.5255928     0.            0.        ]
  [   0.            0.          118.68494415    0.            0.            0.
      0.            0.            0.            0.            0.            0.
      0.            0.        ]
  [   0.            0.          136.22869873    0.            0.
     71.58010101    0.          178.24832153    0.            0.            0.
      0.            0.            0.        ]
  [   0.            0.           24.11630058    0.            0.
     49.70223236    0.          157.65826416    0.            0.            0.
      0.            0.            0.        ]
  [   0.            0.           68.17796326    0.            0.
    138.52702332    0.           52.75756454    0.            0.            0.
      0.            0.            0.        ]
  [   0.            0.          127.85832977    0.            0.
    167.80448914    0.           32.4469986     0.            0.            0.
      0.            0.            0.        ]
  [   0.            0.          202.38183594    0.            0.            0.
      0.            0.            0.            0.            0.            0.
      0.            0.        ]
  [   0.            0.          200.17353821    0.            0.            0.
      0.           97.30918884    0.            0.            0.            0.
      0.            0.        ]]

 [[   0.            0.            0.            0.            0.
      7.24452925    0.            0.            0.            0.            0.
    109.74971008    0.            0.        ]
  [   0.            0.           53.09989166    0.            0.
    113.26913452    0.           60.79142761    0.            0.            0.
      0.            0.            0.        ]
  [   0.            0.           36.82528305   24.50828934    0.
    108.8423233     0.          285.56436157    0.            0.            0.
      0.            0.            0.        ]
  [   0.            0.            0.            0.            0.            0.
      0.          119.84642029    0.            0.            0.            0.
      0.            0.        ]
  [   0.            0.            0.            0.            0.
    141.10929871    0.          142.33963013    0.            0.            0.
      0.            0.            0.        ]
  [   0.            0.            0.            0.            0.
    291.4553833     0.          130.2625885     0.            0.            0.
      0.            0.            0.        ]
  [   0.            0.          146.9889679     0.            0.            0.
      0.            0.            0.            0.            0.            0.
      0.            0.        ]
  [   0.            0.          131.45437622    0.            0.            0.
      0.           85.35549927    0.            0.            0.            0.
      0.            0.        ]]

 [[   0.            0.           13.46992016    0.            0.
     89.41570282    0.            0.            0.            0.            0.
      0.            0.            0.        ]
  [   0.            0.            6.02702761   99.64369965    0.
    146.20225525    0.           16.12316322    0.            0.            0.
      0.            0.            0.        ]
  [   0.            0.            0.           93.96968842    0.
    193.61515808    0.          158.35610962    0.            0.            0.
      0.            0.            0.        ]
  [   0.            0.            0.           67.6054306     0.
    125.50364685    0.           85.7193985     0.            0.            0.
      0.            0.            0.        ]
  [   0.            0.            0.           51.29611206    0.
    187.19512939    0.           84.57769012    0.            0.            0.
      0.            0.            0.        ]
  [   0.            0.            0.            0.            0.
    230.32507324    0.            0.            0.            0.            0.
      0.            0.            0.        ]
  [   0.            0.           73.86772919    0.            0.
     33.17354965    0.            0.            0.            0.            0.
      0.            0.            0.        ]
  [   0.            0.            2.17935276   22.48779869    0.            0.
      0.            0.            0.            0.            0.            0.
      0.            0.        ]]]
