[[[ -2.82963409e+02  -2.68726562e+03  -6.32169556e+02  -3.70439819e+02
    -1.27069116e+03  -1.96380859e+02  -3.10200043e+02  -7.41484299e+01
    -3.89168274e+02  -1.65467688e+03   1.69351776e+02  -2.76171753e+03
    -1.62967957e+02  -1.64138416e+03]
  [  5.54641479e+02  -2.93200195e+03  -1.83163257e+03  -1.20704788e+02
    -1.22295007e+03  -1.04249182e+03  -1.00688269e+03  -5.98511963e+02
     6.96830322e+02  -1.00181458e+03   4.49511475e+02  -2.91895264e+03
     1.84407181e+02  -2.16177881e+03]
  [  3.41693457e+03  -6.28995459e+03  -1.91803442e+03  -2.98333813e+03
     4.54908905e+02  -6.24049744e+02  -1.22273340e+03  -1.48151855e+03
     1.37347681e+03   1.34419202e+03   6.16340637e+02  -3.28338599e+03
     2.64695312e+02  -1.46047656e+03]
  [  2.92825244e+03  -3.55151562e+03  -7.59527771e+02  -1.62731433e+03
     1.92289429e+03  -1.08318713e+03  -4.19727692e+02   4.93417694e+02
     1.14028052e+03   1.70459912e+03  -2.08532654e+02  -2.12454297e+03
     1.55520959e+03  -1.68576904e+03]]

 [[ -2.93682495e+02  -3.58008911e+03  -2.03002393e+03  -1.05743518e+03
    -2.42177026e+03  -9.60145508e+02   8.23916931e+02  -1.02631531e+03
    -4.45909576e+02  -1.27000317e+03   6.46586487e+02  -1.81217810e+03
    -1.21301117e+02  -1.67871399e+03]
  [  1.67810913e+03  -3.75440845e+03  -3.46135571e+03  -9.14335754e+02
    -2.37237769e+03  -1.70680627e+03   1.09113623e+03  -7.71993042e+02
    -4.96990387e+02  -3.24204956e+02   3.55934296e+02  -2.46042920e+03
     1.56951770e+03  -2.84337183e+03]
  [  2.47329590e+03  -5.38270410e+03  -1.83581396e+03  -2.78570923e+03
    -9.67926147e+02  -2.48875757e+03   8.52649536e+02  -1.88101685e+03
    -4.53307800e+02   1.66678146e+02  -2.08873224e+00  -2.97004126e+03
     1.44372339e+03  -2.05119312e+03]
  [  1.76263293e+03  -3.16093799e+03  -8.31014099e+02  -2.47110083e+03
     1.64028564e+03  -1.96089502e+03   3.22770264e+02   4.67013893e+01
     3.85615021e+02   1.28393713e+03   1.03909470e+02  -2.69198120e+03
     9.28504944e+02  -2.08833472e+03]]

 [[ -8.06352234e+02  -2.96782715e+03  -2.23508862e+03  -2.54971436e+03
    -2.27681470e+03  -1.44808948e+03   1.79005261e+03  -4.80549469e+02
     3.42909622e+01   7.48183899e+02  -2.01868118e+02  -1.50270837e+03
     6.26022278e+02  -1.13996472e+03]
  [  1.95472397e+02  -3.71037695e+03  -3.01335767e+03  -2.76092749e+03
    -2.52673999e+03  -3.01284692e+03   1.91204614e+03  -1.81040070e+02
     4.46412384e+02   1.60718018e+03   3.41687653e+02  -2.45432104e+03
     1.91022986e+03  -2.24943408e+03]
  [ -5.93409363e+02  -3.77860938e+03  -1.84641516e+03  -4.60130518e+03
    -8.08311951e+02  -2.92252271e+03   2.99377734e+03  -8.26243469e+02
    -3.97317017e+02   2.33916577e+03   2.48990820e+03  -3.56843555e+03
     7.85216064e+02  -2.08140796e+03]
  [ -8.24773865e+02  -2.76495874e+03  -7.76932007e+02  -3.67089868e+03
     2.09992798e+03  -1.48259277e+03   2.70331152e+03   4.50352509e+02
     2.54507156e+02   1.45970801e+03   2.82759302e+03  -1.55862720e+03
     4.36851807e+02  -1.90413965e+03]]

 [[ -1.84459335e+02  -1.43336902e+03  -1.40533435e+03  -2.91839417e+02
    -9.09493225e+02  -2.69885345e+02   1.13771095e+01  -1.20117297e+03
     1.46394238e-01   4.61485626e+02  -1.34520105e+03  -1.55903625e+03
     9.69500244e+02  -5.90264832e+02]
  [ -8.95628815e+01  -2.26308545e+03  -1.84548608e+03  -1.06848804e+03
    -1.86242603e+03  -1.44215991e+03   1.45994836e+03  -2.49247818e+02
     5.52441597e-01   7.51708740e+02  -3.33790985e+02  -1.56936414e+03
     1.63621973e+03  -6.46767273e+02]
  [ -1.28850647e+03  -2.47469751e+03  -7.69998291e+02  -3.15221729e+03
    -6.84455566e+02  -2.60465234e+03   3.25021826e+03  -3.56484100e+02
    -4.19058960e+02   1.63642090e+03   1.15004736e+03  -2.14554346e+03
     9.90255615e+02  -1.77451599e+03]
  [ -1.16955762e+03  -2.34373242e+03  -8.98006653e+02  -2.47395215e+03
     1.02165259e+03  -1.39354639e+03   3.05596460e+03  -9.36796875e+02
    -7.83172546e+02   1.35018994e+03   1.43824438e+03  -7.23011963e+02
     1.03821594e+03  -1.95602979e+03]]]
