[[[ -531.97131348 -3351.18212891  -865.05786133 -1207.859375   -1078.06054688
    -271.02416992  -353.82272339  -716.87823486    42.29016113
   -1270.9942627    454.47042847 -2740.67333984  -433.03921509
   -2017.32617188]
  [ -630.38616943 -3225.6015625  -2530.51367188  -606.05828857
   -2180.47631836 -2499.78588867  -774.9197998   -528.48419189
     286.62280273 -1520.92602539   329.3425293  -3228.08837891
    -206.75762939 -2393.01489258]
  [ 3156.14355469 -7179.01367188 -2561.39941406 -2952.50244141
    -288.85205078 -1132.73339844  -843.83782959  -408.2046814
    1307.62207031   384.58883667  1398.71350098 -3766.69238281
    -255.08056641  -928.15692139]
  [ 3032.16381836 -4355.37011719 -1386.03845215 -2723.07446289
    2384.68774414 -1047.05419922  -461.49490356   760.71112061
    1478.55297852  1724.06298828   798.97680664 -2753.38110352
    1614.79321289 -2683.53442383]]

 [[   59.80631638 -3642.24438477 -1880.99035645  -747.57519531
   -1908.80981445  -545.03436279   654.56463623  -724.75061035
   -1277.57043457 -1825.82128906  -554.53210449 -1922.2869873
     247.81636047 -2305.57226562]
  [ 2084.14477539 -3737.61694336 -3136.25048828 -3912.38500977
   -2445.05517578 -2054.10107422  2037.93273926  -521.33502197
    -979.89862061   -10.10142708   -64.46333313 -2829.6262207
    1565.80078125 -3076.15161133]
  [ 1940.84777832 -5367.92480469 -4010.37939453 -2479.33251953
   -2635.77197266 -2410.1796875   1538.62927246 -2251.89208984
   -2263.86791992   243.48008728  -578.81518555 -2954.84228516
    1805.59545898 -1272.07556152]
  [ 1939.61047363 -3216.69555664 -1120.06018066 -4357.36621094
    1032.27819824 -2993.16088867   609.26141357   169.35670471
    -299.11459351  1441.63549805   417.56192017 -3136.77026367
     841.92095947 -2850.8034668 ]]

 [[-1433.52819824 -2669.54052734 -2554.51245117 -2584.80371094
   -3130.72314453  -675.27398682  2165.90844727   -92.76332092
    -492.27023315   444.74591064   -84.57009125 -1497.80053711
     822.72369385 -1706.90039062]
  [ -542.18725586 -3375.98388672 -2138.22998047 -3558.07202148
   -2941.44580078 -4228.68701172  3613.15161133  -527.22930908
    -670.46765137  1655.76977539   493.11593628 -2487.12426758
    2147.07641602 -1913.34655762]
  [-1735.32849121 -4171.43261719 -2852.00048828 -4654.69775391
   -1469.24169922 -2829.19799805  4296.45214844 -1531.54284668
   -1007.0380249   2418.67578125  2377.84008789 -3363.48681641
    1406.17785645 -1645.41308594]
  [-2031.66552734 -2990.96069336 -1683.01013184 -3577.44995117
    1848.69506836 -3084.60864258  3109.18139648  -291.31149292
    -725.21838379  1689.98596191  2964.74658203 -1539.57287598
     376.1295166  -2355.97192383]]

 [[-1038.04931641  -823.84667969 -1530.01257324  -253.80647278
   -2188.05981445  -976.70593262   -71.14585114    41.5283699
     228.72825623   261.70275879  -316.36413574 -1818.13208008
     486.35595703 -1041.75292969]
  [-1428.4375     -2300.68041992 -2048.18945312  -747.83117676
   -1960.37438965 -1714.21813965  1649.16931152  -416.76025391
   -1190.29370117  1235.68151855   -59.04720306 -2123.93701172
     945.08563232   200.00819397]
  [-2576.35131836 -2902.0534668   -705.72619629 -2514.26123047
    -213.59913635 -2554.7121582   3728.74243164 -1119.87976074
    -439.89697266  1088.07678223   996.27868652 -3244.06835938
     572.73138428 -1259.10388184]
  [-2839.1550293  -2933.60473633 -1132.90332031 -2568.44726562
    1561.58520508 -1776.83679199  2956.50463867 -1443.4375      -962.28295898
     664.94598389  1543.17492676 -1130.8717041   1382.01879883
   -2263.78442383]]]
