[[[ 1.25697386  0.          0.         ...,  0.          0.          0.        ]
  [ 0.92533869  0.          0.07399302 ...,  0.          0.30824646  0.        ]
  [ 0.12728056  0.          0.         ...,  0.          0.20908833  0.        ]
  ..., 
  [ 0.          0.          0.         ...,  0.          0.          0.75088727]
  [ 0.          0.          0.         ...,  0.          0.          0.        ]
  [ 0.10500171  0.          0.         ...,  0.          0.          0.57912332]]

 [[ 1.05468249  0.          1.05332851 ...,  1.1298244   0.78581613
    0.39097553]
  [ 0.58264953  0.          1.15470552 ...,  0.32650325  1.01726651
    0.82214546]
  [ 0.          0.          0.         ...,  0.20944965  0.33239773  0.        ]
  ..., 
  [ 0.          0.          0.         ...,  0.          1.31657147  0.        ]
  [ 0.          0.          0.         ...,  0.          0.          1.02097571]
  [ 0.          0.          0.         ...,  0.          0.          0.28155249]]

 [[ 1.85815918  0.82922155  0.07710444 ...,  0.          2.94346809
    0.74179673]
  [ 1.50850546  0.67625964  0.         ...,  0.          2.84618306
    0.57368618]
  [ 0.37652755  0.          0.         ...,  0.          0.90226614
    0.36782864]
  ..., 
  [ 0.          0.68791199  0.         ...,  0.          0.          0.        ]
  [ 0.          1.03974378  0.         ...,  0.          0.          0.        ]
  [ 0.89640975  0.32597512  0.         ...,  0.          0.          0.46136951]]

 ..., 
 [[ 1.66789663  0.          0.         ...,  0.          2.03598309  0.        ]
  [ 0.          1.97685063  0.         ...,  0.          2.32389212  0.        ]
  [ 1.21759009  1.08032703  0.         ...,  0.          0.          0.        ]
  ..., 
  [ 1.30913174  0.          0.         ...,  0.          0.          0.16004583]
  [ 0.95175081  0.          0.         ...,  0.34858394  1.97297907  0.        ]
  [ 0.          0.          0.         ...,  0.          1.05062795  0.        ]]

 [[ 0.92289901  0.          0.         ...,  0.44128504  1.25067401
    0.51716816]
  [ 0.02030959  0.          0.         ...,  0.          2.24655724  0.        ]
  [ 0.57023799  1.48428416  0.         ...,  0.          0.12153044  0.        ]
  ..., 
  [ 1.11848438  1.75360072  0.         ...,  0.          1.20788395  0.        ]
  [ 1.89188075  4.06045485  0.         ...,  0.          2.6027348
    0.31220856]
  [ 0.          0.1297369   0.         ...,  0.          0.87488008  0.        ]]

 [[ 0.38373569  1.13783705  0.         ...,  0.          0.91339064  0.        ]
  [ 0.          0.          0.         ...,  0.          0.4116376   0.        ]
  [ 0.4396922   1.56406844  0.         ...,  0.          2.89322925  0.        ]
  ..., 
  [ 0.08433232  0.          0.         ...,  0.          0.          0.        ]
  [ 2.34902501  2.39279866  0.         ...,  0.          1.88134193  0.        ]
  [ 0.58034337  2.76277995  0.         ...,  0.          0.07386579  0.        ]]]
