[[[ 0.99701512  0.          0.         ...,  0.04478969  0.74880844
    0.22862102]
  [ 0.05721863  0.          0.23176242 ...,  0.          1.01768732
    0.17641401]
  [ 0.          0.          0.         ...,  0.          0.44624552
    0.22285865]
  ..., 
  [ 0.11311544  0.          0.         ...,  0.          0.22647634
    0.06004273]
  [ 0.          0.          0.         ...,  0.          0.48393834
    0.37117183]
  [ 0.          0.          0.         ...,  0.          0.          0.36569303]]

 [[ 0.98472154  0.          0.09461203 ...,  0.          0.67470294
    0.11712732]
  [ 0.16587079  0.          0.         ...,  0.          0.84584898  0.        ]
  [ 0.48029286  0.          0.         ...,  0.          0.25049677  0.        ]
  ..., 
  [ 0.          0.          0.         ...,  0.          0.          0.        ]
  [ 0.86563855  0.          0.31885952 ...,  0.          0.          0.        ]
  [ 0.08174751  0.          0.         ...,  0.          0.24281964
    0.02240057]]

 [[ 0.97183955  0.          0.         ...,  0.          0.51473814  0.        ]
  [ 0.          0.          0.         ...,  0.          0.67713076  0.        ]
  [ 0.60311818  0.17766961  0.         ...,  0.          0.          0.        ]
  ..., 
  [ 0.44806254  0.          0.         ...,  0.          0.          0.        ]
  [ 0.91433102  0.97774649  0.         ...,  0.          0.          0.62455046]
  [ 0.          0.          0.         ...,  0.          0.          0.20238115]]

 ..., 
 [[ 1.90136564  0.          0.         ...,  0.11297435  2.82810807  0.        ]
  [ 0.          0.0143186   0.         ...,  0.          3.26216459  0.        ]
  [ 0.52276754  1.50643921  0.         ...,  0.          0.          0.        ]
  ..., 
  [ 2.77773476  0.56619811  0.         ...,  0.          0.          0.        ]
  [ 2.33480906  4.1425128   0.         ...,  0.          2.09268808  0.        ]
  [ 1.557271    1.32635605  0.         ...,  0.          0.          0.        ]]

 [[ 1.3744992   0.42674559  0.         ...,  0.17509417  2.59631872  0.        ]
  [ 0.          0.56297761  0.         ...,  0.          1.82672656  0.        ]
  [ 0.5641011   0.62042677  0.         ...,  0.          0.          0.        ]
  ..., 
  [ 2.57401991  2.11415315  0.         ...,  0.          3.233078    0.        ]
  [ 2.97958279  6.77114248  0.         ...,  0.          4.85318661  0.        ]
  [ 1.81121743  3.31111765  0.         ...,  0.          0.60361665  0.        ]]

 [[ 0.88352847  0.09528185  0.         ...,  0.12464242  1.86712801  0.        ]
  [ 0.          0.76498586  0.         ...,  0.          1.44557917  0.        ]
  [ 0.07762678  1.06642544  0.         ...,  0.          0.          0.        ]
  ..., 
  [ 2.87134385  4.97199059  0.         ...,  0.          1.95676076  0.        ]
  [ 5.33828735  7.22196674  0.         ...,  0.          3.94520807  0.        ]
  [ 4.25850916  5.2635603   0.         ...,  0.          1.74373627  0.        ]]]
