[[[ -5.75753517e+01  -2.79831714e+03  -6.93500671e+02  -6.46261597e+02
    -1.03333325e+03  -1.85496262e+02  -1.69794296e+02  -2.53829941e+02
    -4.01961914e+02  -1.13889624e+03   2.87460632e+02  -2.33878149e+03
     1.53367844e+02  -2.17960376e+03]
  [  3.77214874e+02  -2.67348315e+03  -1.84597900e+03  -5.18503662e+02
    -1.55689148e+03  -1.82865967e+03  -9.77019226e+02  -8.62208633e+01
     1.32174454e+02  -1.20747217e+03   3.40593170e+02  -2.93203198e+03
    -1.54854202e+02  -2.07942114e+03]
  [  3.18009961e+03  -5.87751611e+03  -1.97425195e+03  -2.86966724e+03
    -2.16489380e+02  -1.06946179e+03  -4.33571503e+02  -7.70337341e+02
     8.23267395e+02   4.75145752e+02   1.28860657e+03  -3.43386987e+03
     1.39880524e+02  -9.29859009e+02]
  [  2.21653394e+03  -3.54954297e+03  -1.44599414e+03  -2.25972656e+03
     1.76257336e+03  -6.62044861e+02  -2.77567505e+02   1.28142044e+02
     7.25048828e+02   1.52705481e+03   4.30580597e+02  -2.41939258e+03
     1.63047510e+03  -1.55532507e+03]]

 [[ -1.37425018e+02  -3.17069019e+03  -1.83856213e+03  -1.14875024e+03
    -1.87614783e+03  -7.23246826e+02   1.41161133e+03  -6.03660461e+02
    -7.88851196e+02  -1.40210535e+03   2.23542877e+02  -2.08021802e+03
    -1.99477234e+02  -2.07317603e+03]
  [  1.78718689e+03  -3.32992920e+03  -3.05127710e+03  -1.90652405e+03
    -2.22567725e+03  -1.73099963e+03   2.42313770e+03  -3.09418549e+02
    -8.85348877e+02  -8.76345215e+01   5.49973511e+02  -1.61988403e+03
     1.69529041e+03  -2.67651514e+03]
  [  1.86826123e+03  -5.11636572e+03  -3.19804053e+03  -2.65005176e+03
    -1.95797168e+03  -2.13868652e+03   1.61270483e+03  -2.51850464e+03
    -1.88101501e+03   3.26291718e+02   1.60758759e+02  -2.50640112e+03
     1.40362561e+03  -1.54992078e+03]
  [  1.80937720e+03  -2.50981055e+03  -1.09300024e+03  -2.59044604e+03
     7.45128296e+02  -2.40743677e+03   1.06058276e+03  -2.38006393e+02
    -3.01612122e+02   1.05431677e+03   2.40891739e+02  -2.83720093e+03
     6.95310486e+02  -2.38354663e+03]]

 [[ -1.95719543e+03  -2.44941504e+03  -2.29149487e+03  -2.57113428e+03
    -2.46559033e+03  -1.50507812e+03   2.30897729e+03   3.56129761e+01
     2.54501781e+01   6.63796265e+02   3.93127594e+02  -1.11282971e+03
     6.68445374e+02  -1.64022070e+03]
  [ -8.09735291e+02  -3.37600537e+03  -2.61043213e+03  -2.25034473e+03
    -2.84174463e+03  -3.65819775e+03   3.09635669e+03  -5.38679443e+02
    -6.39057388e+01   1.58321423e+03   1.07917639e+03  -2.09341455e+03
     1.72681592e+03  -1.65963428e+03]
  [ -1.68166541e+03  -3.93204224e+03  -2.33776050e+03  -3.91267700e+03
    -7.72467712e+02  -2.79338330e+03   3.99543066e+03  -1.32771167e+03
    -7.94742615e+02   2.21832886e+03   2.61066553e+03  -3.18144116e+03
     4.83022308e+02  -1.25090222e+03]
  [ -1.87156238e+03  -2.73888843e+03  -1.39042725e+03  -2.45966504e+03
     2.06442749e+03  -2.02234558e+03   3.21193750e+03  -1.31694489e+02
    -2.51285751e+02   9.92051453e+02   2.98183398e+03  -1.68699402e+03
     1.59505539e+02  -2.02136377e+03]]

 [[ -9.32353455e+02  -7.21656555e+02  -1.41676526e+03   4.28152985e+02
    -8.98502808e+02  -9.49990967e+02  -3.34140808e+02   5.87478924e+00
     1.06957260e+02   3.81336761e+02  -7.08605164e+02  -1.51708667e+03
     3.44526764e+02  -5.34245483e+02]
  [ -1.04799304e+03  -2.43668188e+03  -2.10277783e+03  -1.53876923e+02
    -1.64379480e+03  -1.54497705e+03   1.18898938e+03  -1.27727135e+02
    -4.12127960e+02   8.54577576e+02  -2.56185730e+02  -1.61944128e+03
     1.31579895e+03   1.39420319e+02]
  [ -2.22093311e+03  -2.64285181e+03  -9.42442383e+02  -1.83858447e+03
    -3.29225952e+02  -2.31601025e+03   2.86117090e+03  -9.67775208e+02
    -4.18385071e+02   1.02700403e+03   4.00953766e+02  -3.09893774e+03
     4.66691925e+02  -1.20649329e+03]
  [ -2.26844824e+03  -2.21097754e+03  -1.03780823e+03  -2.33152710e+03
     1.10470007e+03  -1.27202942e+03   3.29302002e+03  -7.97321838e+02
    -9.99848694e+02   6.50522095e+02   1.41115271e+03  -7.60859192e+02
     5.51681641e+02  -1.90306201e+03]]]
