[[[    0.             0.             0.             0.             0.
       0.             0.             0.             0.             0.
     287.24865723     0.           153.53787231     0.        ]
  [  377.16448975     0.             0.             0.             0.
       0.             0.             0.           131.936203       0.
     340.38119507     0.             0.             0.        ]
  [ 3180.04931641     0.             0.             0.             0.
       0.             0.             0.           823.0291748
     475.03335571  1288.39465332     0.           140.05055237     0.        ]
  [ 2216.48364258     0.             0.             0.          1762.63330078
       0.             0.           127.78730774   724.81060791
    1526.94238281   430.36862183     0.          1630.6451416      0.        ]]

 [[    0.             0.             0.             0.             0.
       0.          1411.86535645     0.             0.             0.
     223.33091736     0.             0.             0.        ]
  [ 1787.13647461     0.             0.             0.             0.
       0.          2423.3918457      0.             0.             0.
     549.76153564     0.          1695.46044922     0.        ]
  [ 1868.21081543     0.             0.             0.             0.
       0.          1612.9588623      0.             0.           326.17932129
     160.54679871     0.          1403.7956543      0.        ]
  [ 1809.32678223     0.             0.             0.           745.18823242
       0.          1060.83679199     0.             0.          1054.2043457
     240.67977905     0.           695.48052979     0.        ]]

 [[    0.             0.             0.             0.             0.
       0.          2309.23144531    35.25823593    25.21193123
     663.68383789   392.9156189      0.           668.61541748     0.        ]
  [    0.             0.             0.             0.             0.
       0.          3096.61083984     0.             0.          1583.10180664
    1078.96447754     0.          1726.98596191     0.        ]
  [    0.             0.             0.             0.             0.
       0.          3995.68481445     0.             0.          2218.21655273
    2610.45361328     0.           483.19232178     0.        ]
  [    0.             0.             0.             0.          2064.48754883
       0.          3212.19165039     0.             0.           991.93902588
    2981.62207031     0.           159.67556763     0.        ]]

 [[    0.             0.             0.           428.08886719     0.
       0.             0.             5.52005053   106.71901703
     381.22436523     0.             0.           344.69677734     0.        ]
  [    0.             0.             0.             0.             0.
       0.          1189.2434082      0.             0.           854.46514893
       0.             0.          1315.96899414   139.10829163]
  [    0.             0.             0.             0.             0.
       0.          2861.42504883     0.             0.          1026.89160156
     400.74179077     0.           466.86193848     0.        ]
  [    0.             0.             0.             0.          1104.76000977
       0.          3293.27416992     0.             0.           650.40966797
    1410.9407959      0.           551.85168457     0.        ]]]
