[[[  2487.55273438  -6258.22607422 -15903.57324219 -19362.86523438
    -1288.97729492 -17618.70898438   9620.52929688  -2797.0078125
    -6055.60253906  22619.73632812  -6762.62792969   2409.93115234
   -13859.79589844   1706.0645752 ]
  [ -2014.07983398  -9224.80371094 -17284.87109375  -6655.36572266
    -4622.12011719 -13272.33984375   9410.07421875  -7295.38671875
     -740.93988037   9884.13476562  -9330.24707031  -7297.9296875
      500.17977905   6991.34912109]]

 [[    47.55879974  -5353.91796875 -14063.62109375 -13937.96679688
    -3438.88452148  -9952.5078125    1929.96679688 -13427.26074219
    -8864.70410156   3867.28295898 -12459.33789062   5424.33349609
    -4137.04833984   7408.54345703]
  [ -1625.11193848 -12712.49707031  -7929.68066406   -400.33773804
    -5446.48632812 -22234.81835938  -9040.56835938  -4415.34765625
     2350.19433594  -7394.79394531  -7042.33300781  -1158.76416016
    -1789.86218262   5769.171875  ]]]
