[[[ -3.94664836  -0.70559829  -0.60627693 ...,  -0.52757621   4.04076004
     3.11934423]
  [ -0.12623248   1.23681426   0.48598641 ...,  -1.76991189   4.22045517
     1.37920952]
  [ -0.62321901   1.0382272    0.99689817 ...,  -0.51602346   2.95805359
     1.20125508]
  ..., 
  [ -1.51085281   1.80906487   1.66171753 ...,  -0.3478367    4.89545393
     0.49350274]
  [  1.14619279   0.43018439   3.57023478 ...,   0.68800724   2.84130168
    -0.59583223]
  [  1.93721747  -0.956792     3.06634474 ...,   1.19159448   0.49875996
    -1.80712533]]

 [[ -4.62722635   1.25149834   1.22604895 ...,  -1.15904081   4.49771118
     3.81656551]
  [ -2.20478082   4.64476967   2.05136251 ...,  -3.66787338   4.35221243
     0.91941923]
  [ -1.68453789   1.94780433   3.63295078 ...,   0.06262418   3.11319613
    -0.36399275]
  ..., 
  [ -2.01193047   3.67253351   5.12142658 ...,  -1.36402392   4.4002471
    -0.3234742 ]
  [ -0.65701091   1.16787744   5.37979555 ...,  -1.04081857   0.116097
    -2.60566926]
  [  0.56442302  -0.61589932   4.03513002 ...,   0.25707313  -0.44794279
    -2.75580287]]

 [[ -6.54576445   2.06309938  -1.32728481 ...,  -2.3984561    4.30553627
     3.59235716]
  [ -5.87205219   0.70781928   0.09095975 ...,  -3.52114439   2.82766938
    -2.12490153]
  [ -4.62909508   1.38155425   2.80353785 ...,  -0.63583034   6.41333151
     1.86758709]
  ..., 
  [ -3.47917867   1.27546716   4.7291131  ...,  -1.69828463   3.76587391
    -0.24084365]
  [ -2.91024446   0.70908576   4.59947538 ...,  -0.96475041  -0.35535714
    -3.42619944]
  [ -1.07479513  -0.96771669   3.90086007 ...,   1.10419321  -0.25266683
    -3.3556881 ]]

 ..., 
 [[ -8.33788872  -0.02846111   0.02532177 ...,  -3.66713786   6.32530785
     3.3401196 ]
  [ -5.66218901   1.7001555    1.10418987 ...,  -6.05992317   3.23347855
    -2.36719394]
  [ -5.21599531   2.10133457   3.47132611 ...,  -0.603113     2.67967391
    -3.01947069]
  ..., 
  [ -4.98988676   0.87867469   5.16206264 ...,  -1.31128764   1.43719566
    -4.09080267]
  [ -1.91568899  -1.52468574   7.06703758 ...,  -0.99860471  -1.56065547
    -4.90039968]
  [ -2.1593473    1.09462261   4.53462696 ...,   0.24785599  -0.32053524
    -2.71765876]]

 [[-10.25189781   2.03382134   1.09299099 ...,  -4.15756607   5.87426043
     2.51581383]
  [ -8.78344059   1.59162843   5.34631729 ...,  -5.05720139   4.36300802
    -1.54831135]
  [ -6.67114544   1.70151496   9.66351414 ...,  -1.33139265   1.51499176
    -2.89070964]
  ..., 
  [ -5.48369312   2.73429704   6.81056595 ...,  -2.51684093   1.49869549
    -1.46386278]
  [ -5.86611032   0.41856149   4.68029547 ...,  -1.101928    -2.3177309
    -3.07327962]
  [ -2.11898279  -0.43749136   5.10255194 ...,  -1.54326737  -0.47767812
    -3.87308049]]

 [[ -8.5812006    5.74916315   3.94119644 ...,  -4.32186127   2.28912663
     0.08836325]
  [ -8.96574688   2.90579867   6.1306591  ...,  -6.12463903   0.82966304
    -0.79065514]
  [ -6.92092323   3.24291754   6.35446882 ...,  -4.05273676  -0.76073289
    -0.88768798]
  ..., 
  [ -3.84453154   1.74124122   5.01035261 ...,  -2.5317812   -2.66773462
    -3.65910625]
  [ -3.54889631   0.21722268   3.62425971 ...,  -2.30823374  -2.84031558
    -2.62010384]
  [ -1.90533221   0.59382921   3.0912931  ...,  -0.20728664  -0.11540961
    -1.33185506]]]
