[[[  0.00000000e+00   0.00000000e+00   0.00000000e+00   0.00000000e+00
     0.00000000e+00   0.00000000e+00   2.23713104e+02   0.00000000e+00
     0.00000000e+00   0.00000000e+00   0.00000000e+00   0.00000000e+00
     0.00000000e+00   0.00000000e+00]
  [  0.00000000e+00   0.00000000e+00   5.79077034e+01   0.00000000e+00
     0.00000000e+00   0.00000000e+00   0.00000000e+00   0.00000000e+00
     0.00000000e+00   0.00000000e+00   0.00000000e+00   0.00000000e+00
     0.00000000e+00   0.00000000e+00]
  [  0.00000000e+00   0.00000000e+00   4.73221191e+02   0.00000000e+00
     0.00000000e+00   0.00000000e+00   0.00000000e+00   8.58822174e+01
     0.00000000e+00   0.00000000e+00   0.00000000e+00   0.00000000e+00
     0.00000000e+00   0.00000000e+00]
  [  0.00000000e+00   0.00000000e+00   2.45423874e+02   0.00000000e+00
     0.00000000e+00   0.00000000e+00   0.00000000e+00   1.89993790e+02
     0.00000000e+00   0.00000000e+00   0.00000000e+00   0.00000000e+00
     0.00000000e+00   0.00000000e+00]
  [  0.00000000e+00   0.00000000e+00   2.42660812e+02   0.00000000e+00
     0.00000000e+00   0.00000000e+00   0.00000000e+00   0.00000000e+00
     0.00000000e+00   0.00000000e+00   0.00000000e+00   0.00000000e+00
     0.00000000e+00   0.00000000e+00]
  [  0.00000000e+00   0.00000000e+00   4.00006317e+02   0.00000000e+00
     0.00000000e+00   0.00000000e+00   0.00000000e+00   0.00000000e+00
     0.00000000e+00   0.00000000e+00   0.00000000e+00   0.00000000e+00
     0.00000000e+00   0.00000000e+00]
  [  0.00000000e+00   0.00000000e+00   1.58471741e+02   0.00000000e+00
     0.00000000e+00   0.00000000e+00   0.00000000e+00   3.62018509e+01
     0.00000000e+00   0.00000000e+00   1.11309385e+01   0.00000000e+00
     0.00000000e+00   0.00000000e+00]
  [  0.00000000e+00   0.00000000e+00   5.48134216e+02   0.00000000e+00
     0.00000000e+00   0.00000000e+00   0.00000000e+00   5.86350647e+02
     0.00000000e+00   0.00000000e+00   1.16165443e+02   0.00000000e+00
     0.00000000e+00   0.00000000e+00]]

 [[  0.00000000e+00   0.00000000e+00   7.59260788e+01   0.00000000e+00
     0.00000000e+00   0.00000000e+00   0.00000000e+00   0.00000000e+00
     0.00000000e+00   0.00000000e+00   0.00000000e+00   0.00000000e+00
     0.00000000e+00   0.00000000e+00]
  [  0.00000000e+00   0.00000000e+00   3.51979401e+02   0.00000000e+00
     0.00000000e+00   0.00000000e+00   0.00000000e+00   0.00000000e+00
     0.00000000e+00   0.00000000e+00   0.00000000e+00   0.00000000e+00
     0.00000000e+00   0.00000000e+00]
  [  0.00000000e+00   0.00000000e+00   5.61029907e+02   0.00000000e+00
     0.00000000e+00   0.00000000e+00   0.00000000e+00   0.00000000e+00
     0.00000000e+00   0.00000000e+00   0.00000000e+00   0.00000000e+00
     0.00000000e+00   0.00000000e+00]
  [  0.00000000e+00   0.00000000e+00   4.96297760e+02   0.00000000e+00
     0.00000000e+00   4.36630936e+01   0.00000000e+00   0.00000000e+00
     0.00000000e+00   0.00000000e+00   0.00000000e+00   0.00000000e+00
     0.00000000e+00   0.00000000e+00]
  [  0.00000000e+00   0.00000000e+00   5.18571716e+02   0.00000000e+00
     0.00000000e+00   0.00000000e+00   0.00000000e+00   0.00000000e+00
     0.00000000e+00   0.00000000e+00   0.00000000e+00   0.00000000e+00
     0.00000000e+00   0.00000000e+00]
  [  0.00000000e+00   0.00000000e+00   7.11204041e+02   0.00000000e+00
     0.00000000e+00   0.00000000e+00   0.00000000e+00   0.00000000e+00
     0.00000000e+00   0.00000000e+00   0.00000000e+00   0.00000000e+00
     0.00000000e+00   0.00000000e+00]
  [  0.00000000e+00   0.00000000e+00   6.31386230e+02   0.00000000e+00
     0.00000000e+00   0.00000000e+00   0.00000000e+00   0.00000000e+00
     0.00000000e+00   0.00000000e+00   0.00000000e+00   0.00000000e+00
     0.00000000e+00   0.00000000e+00]
  [  0.00000000e+00   0.00000000e+00   7.16767944e+02   0.00000000e+00
     0.00000000e+00   0.00000000e+00   0.00000000e+00   3.38694930e+00
     0.00000000e+00   0.00000000e+00   0.00000000e+00   0.00000000e+00
     0.00000000e+00   0.00000000e+00]]

 [[  0.00000000e+00   0.00000000e+00   0.00000000e+00   0.00000000e+00
     0.00000000e+00   0.00000000e+00   0.00000000e+00   0.00000000e+00
     0.00000000e+00   0.00000000e+00   0.00000000e+00   0.00000000e+00
     0.00000000e+00   0.00000000e+00]
  [  0.00000000e+00   0.00000000e+00   7.88289185e+01   0.00000000e+00
     0.00000000e+00   0.00000000e+00   0.00000000e+00   0.00000000e+00
     0.00000000e+00   0.00000000e+00   0.00000000e+00   0.00000000e+00
     0.00000000e+00   0.00000000e+00]
  [  0.00000000e+00   0.00000000e+00   3.82064728e+02   0.00000000e+00
     0.00000000e+00   7.30337352e-02   0.00000000e+00   8.34416199e+01
     0.00000000e+00   0.00000000e+00   0.00000000e+00   0.00000000e+00
     0.00000000e+00   0.00000000e+00]
  [  0.00000000e+00   0.00000000e+00   3.85601776e+02   0.00000000e+00
     0.00000000e+00   1.64709091e+02   0.00000000e+00   3.09178406e+02
     0.00000000e+00   0.00000000e+00   0.00000000e+00   0.00000000e+00
     0.00000000e+00   0.00000000e+00]
  [  0.00000000e+00   0.00000000e+00   4.45826050e+02   0.00000000e+00
     0.00000000e+00   6.82012415e+00   0.00000000e+00   1.07824776e+02
     0.00000000e+00   0.00000000e+00   0.00000000e+00   0.00000000e+00
     0.00000000e+00   0.00000000e+00]
  [  0.00000000e+00   0.00000000e+00   4.49454254e+02   0.00000000e+00
     0.00000000e+00   0.00000000e+00   0.00000000e+00   0.00000000e+00
     0.00000000e+00   0.00000000e+00   0.00000000e+00   0.00000000e+00
     0.00000000e+00   0.00000000e+00]
  [  0.00000000e+00   0.00000000e+00   5.32734619e+02   0.00000000e+00
     0.00000000e+00   0.00000000e+00   0.00000000e+00   0.00000000e+00
     0.00000000e+00   0.00000000e+00   0.00000000e+00   0.00000000e+00
     0.00000000e+00   0.00000000e+00]
  [  0.00000000e+00   0.00000000e+00   6.24620361e+02   0.00000000e+00
     0.00000000e+00   0.00000000e+00   8.77823591e-01   2.61264862e+02
     0.00000000e+00   0.00000000e+00   0.00000000e+00   0.00000000e+00
     0.00000000e+00   0.00000000e+00]]

 [[  0.00000000e+00   0.00000000e+00   0.00000000e+00   0.00000000e+00
     0.00000000e+00   0.00000000e+00   0.00000000e+00   0.00000000e+00
     0.00000000e+00   0.00000000e+00   0.00000000e+00   0.00000000e+00
     0.00000000e+00   0.00000000e+00]
  [  0.00000000e+00   0.00000000e+00   6.02212334e+01   0.00000000e+00
     0.00000000e+00   0.00000000e+00   0.00000000e+00   0.00000000e+00
     0.00000000e+00   0.00000000e+00   0.00000000e+00   0.00000000e+00
     0.00000000e+00   0.00000000e+00]
  [  0.00000000e+00   0.00000000e+00   3.85028961e+02   0.00000000e+00
     0.00000000e+00   0.00000000e+00   0.00000000e+00   1.08478859e+02
     0.00000000e+00   0.00000000e+00   0.00000000e+00   0.00000000e+00
     0.00000000e+00   0.00000000e+00]
  [  0.00000000e+00   0.00000000e+00   2.92650787e+02   0.00000000e+00
     0.00000000e+00   0.00000000e+00   0.00000000e+00   2.15617050e+02
     0.00000000e+00   0.00000000e+00   0.00000000e+00   0.00000000e+00
     0.00000000e+00   0.00000000e+00]
  [  0.00000000e+00   0.00000000e+00   3.15904724e+02   2.11500111e+01
     0.00000000e+00   0.00000000e+00   0.00000000e+00   1.79419434e+02
     0.00000000e+00   0.00000000e+00   0.00000000e+00   0.00000000e+00
     0.00000000e+00   0.00000000e+00]
  [  0.00000000e+00   0.00000000e+00   4.28358704e+02   0.00000000e+00
     0.00000000e+00   0.00000000e+00   0.00000000e+00   0.00000000e+00
     0.00000000e+00   0.00000000e+00   0.00000000e+00   0.00000000e+00
     0.00000000e+00   0.00000000e+00]
  [  0.00000000e+00   0.00000000e+00   3.66455963e+02   0.00000000e+00
     0.00000000e+00   0.00000000e+00   0.00000000e+00   0.00000000e+00
     0.00000000e+00   0.00000000e+00   0.00000000e+00   0.00000000e+00
     0.00000000e+00   0.00000000e+00]
  [  0.00000000e+00   0.00000000e+00   4.04585236e+02   0.00000000e+00
     0.00000000e+00   0.00000000e+00   0.00000000e+00   1.49698090e+02
     0.00000000e+00   0.00000000e+00   0.00000000e+00   0.00000000e+00
     0.00000000e+00   0.00000000e+00]]

 [[  0.00000000e+00   0.00000000e+00   0.00000000e+00   0.00000000e+00
     0.00000000e+00   0.00000000e+00   0.00000000e+00   0.00000000e+00
     0.00000000e+00   0.00000000e+00   0.00000000e+00   0.00000000e+00
     0.00000000e+00   0.00000000e+00]
  [  0.00000000e+00   0.00000000e+00   0.00000000e+00   0.00000000e+00
     0.00000000e+00   0.00000000e+00   0.00000000e+00   0.00000000e+00
     0.00000000e+00   0.00000000e+00   0.00000000e+00   0.00000000e+00
     0.00000000e+00   0.00000000e+00]
  [  0.00000000e+00   0.00000000e+00   4.21040268e+01   0.00000000e+00
     0.00000000e+00   0.00000000e+00   0.00000000e+00   2.27148315e+02
     0.00000000e+00   0.00000000e+00   0.00000000e+00   0.00000000e+00
     0.00000000e+00   0.00000000e+00]
  [  0.00000000e+00   0.00000000e+00   0.00000000e+00   0.00000000e+00
     0.00000000e+00   3.35365105e+01   0.00000000e+00   3.12068085e+02
     0.00000000e+00   0.00000000e+00   0.00000000e+00   0.00000000e+00
     0.00000000e+00   0.00000000e+00]
  [  0.00000000e+00   0.00000000e+00   2.36180298e+02   0.00000000e+00
     0.00000000e+00   7.95072794e+00   0.00000000e+00   3.18929443e+01
     0.00000000e+00   0.00000000e+00   0.00000000e+00   0.00000000e+00
     0.00000000e+00   0.00000000e+00]
  [  0.00000000e+00   0.00000000e+00   3.59144257e+02   0.00000000e+00
     0.00000000e+00   7.42248077e+01   0.00000000e+00   0.00000000e+00
     0.00000000e+00   0.00000000e+00   0.00000000e+00   0.00000000e+00
     0.00000000e+00   0.00000000e+00]
  [  0.00000000e+00   0.00000000e+00   2.61158722e+02   0.00000000e+00
     0.00000000e+00   0.00000000e+00   0.00000000e+00   0.00000000e+00
     0.00000000e+00   0.00000000e+00   0.00000000e+00   0.00000000e+00
     0.00000000e+00   0.00000000e+00]
  [  0.00000000e+00   0.00000000e+00   2.27555420e+02   0.00000000e+00
     0.00000000e+00   0.00000000e+00   7.80269814e+00   2.87012482e+02
     0.00000000e+00   0.00000000e+00   0.00000000e+00   0.00000000e+00
     0.00000000e+00   0.00000000e+00]]

 [[  0.00000000e+00   0.00000000e+00   0.00000000e+00   0.00000000e+00
     0.00000000e+00   0.00000000e+00   0.00000000e+00   0.00000000e+00
     0.00000000e+00   0.00000000e+00   0.00000000e+00   0.00000000e+00
     0.00000000e+00   0.00000000e+00]
  [  0.00000000e+00   0.00000000e+00   0.00000000e+00   0.00000000e+00
     0.00000000e+00   0.00000000e+00   0.00000000e+00   0.00000000e+00
     0.00000000e+00   0.00000000e+00   0.00000000e+00   0.00000000e+00
     0.00000000e+00   0.00000000e+00]
  [  0.00000000e+00   0.00000000e+00   5.32766228e+01   0.00000000e+00
     0.00000000e+00   0.00000000e+00   0.00000000e+00   1.57600098e+02
     0.00000000e+00   0.00000000e+00   0.00000000e+00   0.00000000e+00
     0.00000000e+00   0.00000000e+00]
  [  0.00000000e+00   0.00000000e+00   0.00000000e+00   0.00000000e+00
     0.00000000e+00   0.00000000e+00   0.00000000e+00   2.24200119e+02
     0.00000000e+00   0.00000000e+00   0.00000000e+00   0.00000000e+00
     0.00000000e+00   0.00000000e+00]
  [  0.00000000e+00   0.00000000e+00   3.19378754e+02   0.00000000e+00
     0.00000000e+00   0.00000000e+00   0.00000000e+00   1.96548431e+02
     0.00000000e+00   0.00000000e+00   0.00000000e+00   0.00000000e+00
     0.00000000e+00   0.00000000e+00]
  [  0.00000000e+00   0.00000000e+00   3.19029816e+02   0.00000000e+00
     0.00000000e+00   0.00000000e+00   0.00000000e+00   3.25088806e+01
     0.00000000e+00   0.00000000e+00   0.00000000e+00   0.00000000e+00
     0.00000000e+00   0.00000000e+00]
  [  0.00000000e+00   0.00000000e+00   2.88102203e+02   0.00000000e+00
     0.00000000e+00   0.00000000e+00   0.00000000e+00   0.00000000e+00
     0.00000000e+00   0.00000000e+00   0.00000000e+00   0.00000000e+00
     0.00000000e+00   0.00000000e+00]
  [  0.00000000e+00   0.00000000e+00   4.50993347e+02   0.00000000e+00
     0.00000000e+00   0.00000000e+00   5.19116592e+01   1.89129791e+02
     0.00000000e+00   0.00000000e+00   0.00000000e+00   0.00000000e+00
     0.00000000e+00   0.00000000e+00]]

 [[  0.00000000e+00   0.00000000e+00   0.00000000e+00   0.00000000e+00
     7.80474701e+01   0.00000000e+00   0.00000000e+00   0.00000000e+00
     0.00000000e+00   0.00000000e+00   0.00000000e+00   1.29579514e+02
     0.00000000e+00   0.00000000e+00]
  [  0.00000000e+00   0.00000000e+00   1.35210838e+01   0.00000000e+00
     0.00000000e+00   0.00000000e+00   0.00000000e+00   0.00000000e+00
     0.00000000e+00   0.00000000e+00   0.00000000e+00   0.00000000e+00
     0.00000000e+00   0.00000000e+00]
  [  0.00000000e+00   0.00000000e+00   4.43863583e+00   0.00000000e+00
     0.00000000e+00   0.00000000e+00   0.00000000e+00   2.72567871e+02
     0.00000000e+00   0.00000000e+00   0.00000000e+00   0.00000000e+00
     0.00000000e+00   0.00000000e+00]
  [  0.00000000e+00   0.00000000e+00   0.00000000e+00   0.00000000e+00
     0.00000000e+00   2.30355477e+00   0.00000000e+00   3.32757416e+02
     0.00000000e+00   0.00000000e+00   0.00000000e+00   0.00000000e+00
     0.00000000e+00   0.00000000e+00]
  [  0.00000000e+00   0.00000000e+00   1.80612488e+01   0.00000000e+00
     0.00000000e+00   1.46626816e+02   0.00000000e+00   3.42582397e+02
     0.00000000e+00   0.00000000e+00   0.00000000e+00   0.00000000e+00
     0.00000000e+00   0.00000000e+00]
  [  0.00000000e+00   0.00000000e+00   6.06132469e+01   0.00000000e+00
     0.00000000e+00   3.57545746e+02   0.00000000e+00   2.46296249e+02
     0.00000000e+00   0.00000000e+00   0.00000000e+00   0.00000000e+00
     0.00000000e+00   0.00000000e+00]
  [  0.00000000e+00   0.00000000e+00   1.70799881e+02   0.00000000e+00
     0.00000000e+00   7.12339478e+01   0.00000000e+00   1.86172882e+02
     0.00000000e+00   0.00000000e+00   0.00000000e+00   0.00000000e+00
     1.65712795e+01   0.00000000e+00]
  [  0.00000000e+00   0.00000000e+00   1.37063202e+02   1.08854019e+02
     0.00000000e+00   0.00000000e+00   0.00000000e+00   2.86443939e+02
     0.00000000e+00   0.00000000e+00   0.00000000e+00   0.00000000e+00
     0.00000000e+00   0.00000000e+00]]

 [[  0.00000000e+00   0.00000000e+00   0.00000000e+00   0.00000000e+00
     0.00000000e+00   2.74197693e+02   0.00000000e+00   0.00000000e+00
     0.00000000e+00   0.00000000e+00   0.00000000e+00   6.91290951e+00
     0.00000000e+00   0.00000000e+00]
  [  0.00000000e+00   0.00000000e+00   8.27483444e+01   1.90966034e+02
     0.00000000e+00   2.42090118e+02   0.00000000e+00   0.00000000e+00
     0.00000000e+00   0.00000000e+00   0.00000000e+00   0.00000000e+00
     0.00000000e+00   3.17995243e+01]
  [  0.00000000e+00   0.00000000e+00   2.39554100e+01   1.80420929e+02
     0.00000000e+00   1.29718155e+02   0.00000000e+00   1.82263275e+02
     0.00000000e+00   0.00000000e+00   0.00000000e+00   0.00000000e+00
     0.00000000e+00   0.00000000e+00]
  [  0.00000000e+00   0.00000000e+00   0.00000000e+00   7.52016144e+01
     0.00000000e+00   1.62290390e+02   0.00000000e+00   2.91767700e+02
     0.00000000e+00   0.00000000e+00   0.00000000e+00   0.00000000e+00
     0.00000000e+00   0.00000000e+00]
  [  0.00000000e+00   0.00000000e+00   3.00972595e+01   0.00000000e+00
     0.00000000e+00   1.95881226e+02   0.00000000e+00   2.39472626e+02
     0.00000000e+00   0.00000000e+00   0.00000000e+00   0.00000000e+00
     0.00000000e+00   0.00000000e+00]
  [  0.00000000e+00   0.00000000e+00   8.42907562e+01   0.00000000e+00
     0.00000000e+00   8.56927338e+01   0.00000000e+00   1.39182907e+02
     0.00000000e+00   0.00000000e+00   0.00000000e+00   0.00000000e+00
     0.00000000e+00   0.00000000e+00]
  [  0.00000000e+00   0.00000000e+00   1.00781242e+02   0.00000000e+00
     0.00000000e+00   0.00000000e+00   0.00000000e+00   1.25693405e+02
     0.00000000e+00   0.00000000e+00   0.00000000e+00   0.00000000e+00
     0.00000000e+00   0.00000000e+00]
  [  0.00000000e+00   0.00000000e+00   0.00000000e+00   1.94663239e+02
     0.00000000e+00   0.00000000e+00   0.00000000e+00   3.42217743e+02
     0.00000000e+00   0.00000000e+00   0.00000000e+00   0.00000000e+00
     0.00000000e+00   0.00000000e+00]]]
