[[[ 3.34738255  0.84306365  0.56754535 ...,  0.54748029  3.06911659
    0.31806865]
  [ 1.25499845  0.          1.57785809 ...,  1.09275436  1.73669612
    1.18074667]
  [ 0.          0.          0.         ...,  0.          2.24191165
    1.1570797 ]
  ..., 
  [ 3.32572484  0.          0.         ...,  0.          3.86099124
    0.96171898]
  [ 0.          0.          0.         ...,  0.          3.71615362
    2.08430314]
  [ 0.          0.          0.         ...,  0.          0.          1.74613202]]

 [[ 3.89316773  0.55050111  0.51638883 ...,  1.76333654  2.99710917  0.        ]
  [ 2.81617713  1.39220941  0.         ...,  0.31707111  2.9149611
    0.16276252]
  [ 0.24259743  0.          0.         ...,  0.          0.          0.        ]
  ..., 
  [ 4.78023434  1.11834157  0.         ...,  0.          3.50231051  0.        ]
  [ 0.          1.03992581  0.         ...,  0.          4.23579741  0.        ]
  [ 0.13984981  0.11616232  0.         ...,  0.          0.          0.        ]]

 [[ 3.89170337  0.          0.98355663 ...,  0.          2.20051527  0.        ]
  [ 2.64207482  0.95990801  0.         ...,  0.95126826  5.62301731  0.        ]
  [ 0.          2.6237433   0.         ...,  0.          0.          0.        ]
  ..., 
  [ 4.94676685  0.          0.         ...,  0.          2.6116519   0.        ]
  [ 0.          1.65392435  0.         ...,  0.          3.15529585  0.        ]
  [ 0.87235397  1.88568008  0.         ...,  0.          0.          0.        ]]

 ..., 
 [[ 4.06920433  0.          0.         ...,  2.16899037  1.369519    0.        ]
  [ 0.          0.          0.         ...,  0.          1.33829808  0.        ]
  [ 0.          0.          0.         ...,  0.          0.          0.        ]
  ..., 
  [ 0.12244475  0.45300889  0.         ...,  0.          0.82936025  0.        ]
  [ 1.21114361  1.65750015  0.         ...,  0.          3.01286769  0.        ]
  [ 0.73455578  0.          0.         ...,  0.          1.85731554  0.        ]]

 [[ 4.72889853  2.69149685  0.         ...,  1.31797957  6.78740549
    0.91499913]
  [ 0.          1.34407687  0.         ...,  1.26179957  4.53491735  0.        ]
  [ 0.          0.          0.         ...,  0.          0.40421861
    1.03610778]
  ..., 
  [ 0.86593586  0.          0.         ...,  0.          3.66014123  0.        ]
  [ 1.58367705  3.20746326  0.         ...,  0.          5.33444548  0.        ]
  [ 0.81242555  1.53015482  0.         ...,  0.          2.24811053  0.        ]]

 [[ 2.70743918  1.09935093  0.24098705 ...,  0.          4.49180984  0.        ]
  [ 0.80716234  3.44670749  0.         ...,  0.          5.65773678  0.        ]
  [ 3.2682445   4.00655222  0.         ...,  0.          0.          0.        ]
  ..., 
  [ 1.93796647  2.25709248  0.         ...,  0.          2.14632082  0.        ]
  [ 3.56991816  4.37019062  0.         ...,  0.          3.03482246  0.        ]
  [ 2.1325357   4.47649765  0.         ...,  0.          1.70064449  0.        ]]]
