[[[ 3.66965508  0.          0.13026768 ...,  0.          1.74266791
    0.91236562]
  [ 0.          0.          0.33737057 ...,  0.          3.50150776
    0.20792541]
  [ 0.48454511  0.          0.         ...,  0.          1.56292033
    0.79225945]
  ..., 
  [ 0.79587775  0.          0.         ...,  0.          0.56163502  0.        ]
  [ 0.          0.          0.         ...,  0.          2.16038966
    1.56302845]
  [ 0.          0.          0.         ...,  0.          0.          1.19324124]]

 [[ 4.54555225  0.          0.79886693 ...,  0.          1.93974614
    0.60799116]
  [ 0.13210444  0.          0.23558907 ...,  0.          3.16993833  0.        ]
  [ 1.78368545  0.          0.         ...,  0.          0.37712616  0.        ]
  ..., 
  [ 2.56000781  0.          0.         ...,  0.          0.75354654  0.        ]
  [ 0.83487982  0.67109966  0.         ...,  0.          2.998667    0.        ]
  [ 0.          0.          0.         ...,  0.          0.          0.        ]]

 [[ 4.4953413   0.          0.         ...,  0.          3.34994483  0.        ]
  [ 0.          0.          0.         ...,  0.          4.15815687  0.        ]
  [ 1.24155629  0.2974712   0.         ...,  0.          0.          0.        ]
  ..., 
  [ 3.59936261  1.45647597  0.         ...,  0.          2.83371353  0.        ]
  [ 1.75113082  3.50886703  0.         ...,  0.          2.82650042  0.        ]
  [ 0.          0.          0.         ...,  0.          0.          0.        ]]

 ..., 
 [[ 4.08476496  0.          0.         ...,  0.          3.38920474
    0.50143284]
  [ 0.42872304  0.          0.         ...,  0.          5.53045177  0.        ]
  [ 0.91816157  0.90962374  0.         ...,  0.          1.60870349  0.        ]
  ..., 
  [ 1.84622025  0.83089757  0.         ...,  0.          0.          0.        ]
  [ 2.02307343  2.63704157  0.         ...,  0.          0.66785842  0.        ]
  [ 1.14257979  2.32927084  0.         ...,  0.          0.          0.        ]]

 [[ 2.38352633  0.          0.         ...,  0.          3.02347016  0.        ]
  [ 0.38098973  0.17570715  0.         ...,  0.          4.77144384  0.        ]
  [ 1.55320024  3.33881783  0.         ...,  0.          2.43775463  0.        ]
  ..., 
  [ 1.38411331  1.44497693  0.         ...,  0.          0.71332014  0.        ]
  [ 1.5490526   3.53493428  0.         ...,  0.          1.53478444  0.        ]
  [ 0.90452015  1.74367344  0.         ...,  0.          0.          0.        ]]

 [[ 0.81010389  0.          0.         ...,  0.          2.37748003  0.        ]
  [ 0.          1.13173151  0.         ...,  0.          2.09516978  0.        ]
  [ 1.29660749  3.32735348  0.         ...,  0.          0.51833433  0.        ]
  ..., 
  [ 1.08988845  2.57457805  0.         ...,  0.          0.66463357  0.        ]
  [ 2.30761766  2.80980062  0.         ...,  0.          1.51588917  0.        ]
  [ 1.58902621  2.0483706   0.         ...,  0.          0.89834565  0.        ]]]
