[[[ -7.93919659e+00  -1.56654730e+01  -3.85467682e+01 ...,  -3.47747536e+01
     7.83574200e+00  -6.68308210e+00]
  [  2.21430230e+00  -1.92516327e+00  -1.84261379e+01 ...,  -4.29100609e+01
     5.65214634e-01  -2.83244591e+01]
  [ -2.14012766e+00  -7.30719328e-01  -1.48140850e+01 ...,  -5.13699646e+01
    -5.16628790e+00  -4.09048729e+01]
  ..., 
  [ -1.62263412e+01   1.03904295e+01  -2.12920113e+01 ...,  -6.48245239e+01
     9.98458004e+00  -5.25708084e+01]
  [  2.18010473e+00   6.64724559e-02  -1.23589573e+01 ...,  -7.08478622e+01
     9.11209774e+00  -5.18474884e+01]
  [  1.69615269e+01  -2.85062695e+01   2.08510399e-01 ...,  -3.51506653e+01
     1.55505924e+01  -5.22619667e+01]]

 [[ -1.78988914e+01  -3.02433128e+01  -5.57740860e+01 ...,  -4.44321251e+01
     2.01861992e+01  -1.48565912e+01]
  [  1.32698476e+00  -1.07323380e+01  -3.78333626e+01 ...,  -4.73060875e+01
     1.05531454e+01  -6.06900787e+01]
  [ -7.26709843e+00  -2.21030979e+01  -2.69283295e+01 ...,  -7.40190887e+01
     1.41967945e+01  -7.19062881e+01]
  ..., 
  [ -7.79015303e+00  -4.16848230e+00  -2.90096722e+01 ...,  -7.52661514e+01
     2.80974407e+01  -8.03302460e+01]
  [  1.01562996e+01   9.33359718e+00  -1.38522682e+01 ...,  -5.76725349e+01
     2.14718761e+01  -6.36155930e+01]
  [ -1.82216689e-01  -6.03048468e+00  -1.10005217e+01 ...,  -2.41460075e+01
     4.51495409e+00  -5.77898788e+01]]

 [[ -2.48968258e+01  -2.78974590e+01  -5.08246269e+01 ...,  -5.57462273e+01
     2.86619449e+00  -2.64066124e+01]
  [  4.79528856e+00  -1.74081326e+01  -3.66618538e+01 ...,  -6.48503571e+01
     1.95742142e+00  -8.23992538e+01]
  [  6.13385391e+00  -3.17312508e+01  -2.81687374e+01 ...,  -5.84618111e+01
     9.65123367e+00  -7.50948486e+01]
  ..., 
  [ -8.30504036e+00  -3.32541351e+01  -2.76411762e+01 ...,  -6.85845184e+01
     1.51625175e+01  -4.89136124e+01]
  [  5.76632833e+00   8.11047554e+00  -3.00888424e+01 ...,  -4.94956436e+01
     2.01878567e+01  -3.85839233e+01]
  [  1.01878395e+01  -5.86706102e-01  -1.42000704e+01 ...,  -2.23633633e+01
     2.09764271e+01  -4.49615974e+01]]

 ..., 
 [[ -1.73769970e+01  -4.23892746e+01  -3.53473778e+01 ...,  -2.58447914e+01
     4.79269266e+00  -2.43790302e+01]
  [  2.98991472e-01  -2.30420856e+01  -2.77222919e+01 ...,  -4.58116417e+01
     2.59139194e+01  -6.84768372e+01]
  [ -7.66413307e+00  -2.11674633e+01  -3.19571209e+01 ...,  -4.01833305e+01
     8.54077530e+00  -5.15012550e+01]
  ..., 
  [ -1.51957054e+01  -2.10493450e+01  -4.11057014e+01 ...,  -2.62400780e+01
     1.48984165e+01  -3.06606979e+01]
  [  5.60611439e+00   7.12890768e+00  -2.87589149e+01 ...,  -2.57434406e+01
     1.57035847e+01  -2.16142845e+01]
  [  5.45579481e+00  -1.07214632e+01  -1.97436543e+01 ...,  -1.56628494e+01
     2.31384182e+01  -2.89868088e+01]]

 [[ -3.40297470e+01  -2.07604942e+01  -2.01616707e+01 ...,  -3.05616074e+01
     1.12378254e+01  -2.73958626e+01]
  [ -1.27686834e+01  -1.77830470e+00  -7.05713987e+00 ...,  -4.31520653e+01
     1.73280506e+01  -7.28629150e+01]
  [ -2.00713062e+01   4.27130032e+00  -8.76216602e+00 ...,  -1.95123291e+01
     9.58250046e+00  -5.76028252e+01]
  ..., 
  [ -2.58661709e+01  -8.70062542e+00  -9.78552246e+00 ...,  -4.66071701e+00
     9.09761810e+00  -6.21505432e+01]
  [  8.15255833e+00   2.58218479e+01   1.11402950e+01 ...,   1.58313704e+00
     2.05336285e+01  -3.34733925e+01]
  [ -6.85175037e+00   2.06559849e+01  -1.99028862e+00 ...,   6.96398497e-01
     1.04536705e+01  -1.69215984e+01]]

 [[ -2.18744421e+00  -7.30418205e+00  -9.19128227e+00 ...,  -1.57237415e+01
     4.07458735e+00  -2.76212692e+01]
  [  1.91429928e-01  -1.09324908e+00  -2.84221172e+01 ...,  -2.42363739e+01
     4.43539095e+00  -4.42105255e+01]
  [  8.07282031e-01  -6.61061096e+00  -1.47380314e+01 ...,   2.19309044e+00
     6.04395008e+00  -2.65428123e+01]
  ..., 
  [  2.31306702e-02  -3.24293590e+00  -1.09384594e+01 ...,  -6.65435934e+00
     9.74736691e+00  -2.71389675e+01]
  [  1.52711296e+01   7.47798872e+00   7.38704443e+00 ...,   1.76270313e+01
     1.81270638e+01   2.96231449e-01]
  [  8.09077930e+00   5.83801699e+00   1.83207154e+00 ...,   2.09636917e+01
     1.47854261e+01   1.29404049e+01]]]
