[[[ -410.9201355  -2537.41699219  -898.23620605  -739.09692383
   -1243.86083984  -192.00427246    58.66040421     6.63662004
    -299.99203491 -1388.82263184   371.79144287 -2122.06176758
    -259.27029419 -1816.89575195]
  [  206.79460144 -2249.01977539 -1959.62841797 -1206.1295166
   -1586.64465332 -1420.2376709  -1051.83862305  -703.37487793
     164.87223816  -826.42034912   426.18789673 -2141.58911133
      81.51617432 -1742.02575684]
  [ 2309.52612305 -4969.67236328 -2251.79907227 -2475.90356445
    -348.12615967 -1000.73162842  -243.66889954  -497.11276245
     561.76330566   697.01733398  1020.23040771 -2454.72265625
      45.20845795 -1367.10864258]
  [ 2327.69897461 -2942.45092773 -1020.07672119 -1649.41113281
    1334.46020508  -840.61865234  -129.09588623   733.79211426
     990.47955322  1585.20227051   706.59881592 -1948.78015137
    1012.51531982 -1445.73144531]]

 [[ -626.17358398 -2556.62524414 -1966.78601074  -203.22628784
   -1911.96228027  -756.62200928   527.12237549  -770.63879395
    -711.59771729 -1435.28283691  -201.7507782  -1632.95983887
     108.95326996 -1924.28430176]
  [  934.15081787 -3232.16503906 -2388.17114258 -1620.81286621
   -1817.40917969 -1897.04968262  1299.11401367  -820.68151855
   -1263.43139648  -541.14642334  -330.32687378 -1875.25219727
    1468.92053223 -1979.73706055]
  [ 1850.64611816 -4253.95361328 -2602.53320312 -2218.02539062
   -1224.45373535 -2023.92712402  1494.07006836 -1478.44116211
   -1421.37097168  -413.41815186  -361.86077881 -2462.56933594
     984.36907959 -1523.88623047]
  [ 1076.41149902 -2376.95361328 -1130.36230469 -2483.37255859
     792.01092529 -1841.51733398   735.73138428  -100.68692017
    -269.40151978  1181.33117676   396.43334961 -2055.07446289
     607.53417969 -1695.12915039]]

 [[ -719.27935791 -1699.95861816 -2188.05566406 -1856.30895996
   -2501.72753906 -1301.27770996  1512.38146973   162.03775024
    -412.04806519   468.73706055   -10.04488659 -1248.42382812
     677.28222656 -1488.6340332 ]
  [ -584.53405762 -2966.3112793  -2299.40795898 -2271.37890625
   -2304.06860352 -2875.58227539  2165.30957031  -129.56559753
    -270.88970947  1442.06567383   895.23773193 -2370.04003906
    1475.64611816 -1356.74621582]
  [-1369.32629395 -3412.76342773 -1167.73779297 -3185.59521484
    -542.21484375 -2145.34692383  3076.18041992  -542.99438477
    -798.59924316  1750.95788574  1437.99035645 -2879.52587891
     497.04043579  -872.9130249 ]
  [-1359.74108887 -1946.43493652  -834.83660889 -2498.83691406
    1202.1418457  -1857.0534668   2284.15527344  -194.53627014
    -271.39904785  1112.05419922  2089.94604492 -1363.2701416
     628.33898926 -1714.9675293 ]]

 [[ -333.33868408  -372.46099854 -1220.17895508    95.93979645
   -1053.25024414  -882.16876221   -94.77886963  -563.85058594
      19.51398468   279.13580322  -862.67614746 -1589.4309082
     466.23095703  -654.47259521]
  [-1177.55688477 -1262.10534668 -1901.95361328  -519.35339355
   -1691.86914062 -1198.47399902  1469.54272461    13.30205917
    -600.0166626    556.50909424   301.447052   -1304.29638672
     715.61541748    43.55269623]
  [-2075.03369141 -2157.01416016  -852.74981689 -1858.03356934
    -496.65957642 -2104.203125    2462.27148438  -714.85144043
    -535.77850342  1303.35107422   655.75579834 -2320.58886719
    -173.0761261   -656.07904053]
  [-1767.98669434 -1969.73742676  -550.6104126  -1802.01831055
     898.45117188 -1274.86535645  2560.15673828  -982.78302002
    -714.54077148   739.800354    1353.42675781  -939.94470215
     677.65643311 -1613.85803223]]]
