[[[  0.           0.           0.         ...,   0.           7.72932005
     0.        ]
  [  2.2571919    0.           0.         ...,   0.           0.45879281
     0.        ]
  [  0.           0.           0.         ...,   0.           0.           0.        ]
  ..., 
  [  0.          10.39396477   0.         ...,   0.           9.87815857
     0.        ]
  [  2.22299433   0.07000761   0.         ...,   0.           9.00567627
     0.        ]
  [ 17.00441551   0.           0.14478549 ...,   0.          15.44417095
     0.        ]]

 [[  0.           0.           0.         ...,   0.          20.07977676
     0.        ]
  [  1.36987436   0.           0.         ...,   0.          10.44672394
     0.        ]
  [  0.           0.           0.         ...,   0.          14.09037304
     0.        ]
  ..., 
  [  0.           0.           0.         ...,   0.          27.9910183
     0.        ]
  [ 10.19918919   9.33713245   0.         ...,   0.          21.36545372
     0.        ]
  [  0.           0.           0.         ...,   0.           4.40853214
     0.        ]]

 [[  0.           0.           0.         ...,   0.           2.75977278
     0.        ]
  [  4.83817816   0.           0.         ...,   0.           1.85099959
     0.        ]
  [  6.17674351   0.           0.         ...,   0.           9.5448122
     0.        ]
  ..., 
  [  0.           0.           0.         ...,   0.          15.05609608
     0.        ]
  [  5.80921793   8.11401081   0.         ...,   0.          20.08143425
     0.        ]
  [ 10.2307291    0.           0.         ...,   0.          20.87000465
     0.        ]]

 ..., 
 [[  0.           0.           0.         ...,   0.           4.68627071
     0.        ]
  [  0.34188104   0.           0.         ...,   0.          25.80749702
     0.        ]
  [  0.           0.           0.         ...,   0.           8.43435383
     0.        ]
  ..., 
  [  0.           0.           0.         ...,   0.          14.79199505
     0.        ]
  [  5.64900398   7.13244295   0.         ...,   0.          15.5971632
     0.        ]
  [  5.49868441   0.           0.         ...,   0.          23.03199577
     0.        ]]

 [[  0.           0.           0.         ...,   0.          11.13140392
     0.        ]
  [  0.           0.           0.         ...,   0.          17.22162819
     0.        ]
  [  0.           4.27483559   0.         ...,   0.           9.47607899
     0.        ]
  ..., 
  [  0.           0.           0.         ...,   0.           8.99119663
     0.        ]
  [  8.19544792  25.82538223  11.07657051 ...,   1.54656994  20.42720604
     0.        ]
  [  0.          20.6595192    0.         ...,   0.6598314   10.34724903
     0.        ]]

 [[  0.           0.           0.         ...,   0.           3.96816564
     0.        ]
  [  0.23431951   0.           0.         ...,   0.           4.328969     0.        ]
  [  0.85017163   0.           0.         ...,   2.15652323   5.93752813
     0.        ]
  ..., 
  [  0.06602025   0.           0.         ...,   0.           9.64094543
     0.        ]
  [ 15.3140192    7.48152399   7.32331944 ...,  17.59046364  18.02064133
     0.25705123]
  [  8.1336689    5.84155226   1.76834667 ...,  20.92712402  14.67900467
    12.90122509]]]
