[[[  2.24452329e+00   0.00000000e+00   0.00000000e+00 ...,   1.79541340e+01
     3.35178833e+01   0.00000000e+00]
  [  3.20378733e+00   0.00000000e+00   0.00000000e+00 ...,   0.00000000e+00
     4.87106400e+01   0.00000000e+00]
  [  0.00000000e+00   0.00000000e+00   0.00000000e+00 ...,   0.00000000e+00
     6.67706070e+01   0.00000000e+00]
  ..., 
  [  0.00000000e+00   0.00000000e+00   0.00000000e+00 ...,   7.83766747e-01
     7.06008835e+01   0.00000000e+00]
  [  0.00000000e+00   0.00000000e+00   0.00000000e+00 ...,   0.00000000e+00
     5.10424690e+01   0.00000000e+00]
  [  0.00000000e+00   0.00000000e+00   0.00000000e+00 ...,   0.00000000e+00
     3.85848694e+01   1.86397572e+01]]

 [[  4.31370687e+00   0.00000000e+00   0.00000000e+00 ...,   1.42826576e+01
     4.80941238e+01   0.00000000e+00]
  [  1.79752426e+01   0.00000000e+00   0.00000000e+00 ...,   2.32536621e+01
     6.27368126e+01   0.00000000e+00]
  [  3.03029537e+00   0.00000000e+00   0.00000000e+00 ...,   3.40848427e+01
     7.46725540e+01   0.00000000e+00]
  ..., 
  [  1.45640812e+01   0.00000000e+00   0.00000000e+00 ...,   5.27276993e+01
     8.14660721e+01   0.00000000e+00]
  [  0.00000000e+00   0.00000000e+00   0.00000000e+00 ...,   3.10402184e+01
     5.48073463e+01   2.95400286e+00]
  [  2.32331390e+01   0.00000000e+00   0.00000000e+00 ...,   2.85116692e+01
     5.28117218e+01   3.28162041e+01]]

 [[  2.78657269e+00   0.00000000e+00   6.72393608e+00 ...,   2.07744179e+01
     7.37920609e+01   0.00000000e+00]
  [  4.23880997e+01   0.00000000e+00   0.00000000e+00 ...,   2.98199348e+01
     8.54290771e+01   0.00000000e+00]
  [  2.56803665e+01   0.00000000e+00   0.00000000e+00 ...,   4.41758919e+01
     9.69025040e+01   0.00000000e+00]
  ..., 
  [  1.80302162e+01   0.00000000e+00   0.00000000e+00 ...,   6.81546249e+01
     1.02464760e+02   0.00000000e+00]
  [  0.00000000e+00   0.00000000e+00   0.00000000e+00 ...,   1.52509899e+01
     7.63190231e+01   0.00000000e+00]
  [  2.02313976e+01   0.00000000e+00   4.78660774e+00 ...,   1.23700838e+01
     4.93750114e+01   5.11941147e+00]]

 ..., 
 [[  4.43004942e+00   0.00000000e+00   0.00000000e+00 ...,   2.72130966e+01
     5.80518646e+01   0.00000000e+00]
  [  2.22188377e+01   0.00000000e+00   0.00000000e+00 ...,   3.99312363e+01
     8.91282043e+01   0.00000000e+00]
  [  4.93706751e+00   0.00000000e+00   0.00000000e+00 ...,   3.46784134e+01
     1.31592651e+02   0.00000000e+00]
  ..., 
  [  6.16107893e+00   0.00000000e+00   2.17847252e+01 ...,   7.94106064e+01
     1.12301727e+02   0.00000000e+00]
  [  0.00000000e+00   0.00000000e+00   6.56704998e+00 ...,   2.48089066e+01
     8.84946518e+01   0.00000000e+00]
  [  4.55375786e+01   0.00000000e+00   0.00000000e+00 ...,   2.03164463e+01
     6.39096107e+01   1.41137600e+01]]

 [[  0.00000000e+00   0.00000000e+00   3.78234100e+01 ...,   2.36196346e+01
     7.48807297e+01   0.00000000e+00]
  [  1.99421704e+00   0.00000000e+00   0.00000000e+00 ...,   4.66469193e+01
     1.13211792e+02   0.00000000e+00]
  [  3.09690809e+00   0.00000000e+00   2.77270222e+01 ...,   5.24003372e+01
     1.36250610e+02   0.00000000e+00]
  ..., 
  [  5.09515715e+00   0.00000000e+00   4.72367210e+01 ...,   8.52941360e+01
     1.20297333e+02   0.00000000e+00]
  [  3.26467133e+00   0.00000000e+00   1.48344231e+01 ...,   4.05120964e+01
     9.82697372e+01   0.00000000e+00]
  [  3.81931229e+01   0.00000000e+00   0.00000000e+00 ...,   5.11380692e+01
     4.72796631e+01   9.28259754e+00]]

 [[  9.86364424e-01   1.20787363e+01   3.72783012e+01 ...,   3.21445236e+01
     4.20724945e+01   0.00000000e+00]
  [  2.70054855e+01   0.00000000e+00   0.00000000e+00 ...,   3.71566811e+01
     4.74325447e+01   0.00000000e+00]
  [  3.45101929e+01   8.15137959e+00   2.56043758e+01 ...,   2.25068188e+01
     7.86566849e+01   0.00000000e+00]
  ..., 
  [  3.93326836e+01   1.95430374e+01   1.49244270e+01 ...,   3.64568939e+01
     6.82518463e+01   0.00000000e+00]
  [  2.30362015e+01   9.32493401e+00   4.04246473e+00 ...,   2.19699192e+01
     5.86459312e+01   0.00000000e+00]
  [  3.57780380e+01   1.24331295e-01   0.00000000e+00 ...,   2.80255260e+01
     3.81743889e+01   0.00000000e+00]]]
