[[[  3.70482326e+00  -1.19173765e+00   2.34523222e-01 ...,  -2.69409537e-01
     1.78160763e+00   9.25551414e-01]
  [ -5.65945655e-02  -9.33313489e-01   4.41626132e-01 ...,  -3.51111710e-01
     3.54044747e+00   2.21111193e-01]
  [  5.19713283e-01  -2.26015925e+00  -3.11044526e+00 ...,  -2.26806164e+00
     1.60186005e+00   8.05445254e-01]
  ..., 
  [  8.31045926e-01  -3.43786025e+00  -2.80436206e+00 ...,  -1.98981667e+00
     6.00574672e-01  -1.33038104e-01]
  [ -4.45880979e-01  -8.35535049e-01  -3.77326131e+00 ...,  -2.11125827e+00
     2.19932938e+00   1.57621419e+00]
  [ -1.61177957e+00  -2.53809762e+00  -4.85358715e+00 ...,  -2.84595799e+00
    -7.33376816e-02   1.20642698e+00]]

 [[  4.58072042e+00  -7.90271938e-01   9.03122485e-01 ...,  -7.21139610e-01
     1.97868586e+00   6.21176958e-01]
  [  1.67272612e-01  -8.83050263e-01   3.39844614e-01 ...,  -1.13607240e+00
     3.20887804e+00  -1.59473300e+00]
  [  1.81885362e+00  -9.09227312e-01  -4.03739166e+00 ...,  -3.28241372e+00
     4.16065842e-01  -7.06435680e-01]
  ..., 
  [  2.59517598e+00  -1.08144069e+00  -2.75605965e+00 ...,  -2.73819494e+00
     7.92486191e-01  -2.47696698e-01]
  [  8.70047987e-01   6.95456862e-01  -4.28795576e+00 ...,  -1.25323343e+00
     3.03760672e+00  -3.17908615e-01]
  [ -1.15903044e+00  -5.99287748e-01  -6.58874464e+00 ...,  -2.71398115e+00
    -1.47899747e-01  -4.35196489e-01]]

 [[  4.53050947e+00  -1.51962113e+00  -1.08412278e+00 ...,  -3.13051157e-02
     3.38888454e+00  -8.21654022e-01]
  [ -9.85995591e-01   9.02904477e-03  -3.26843381e+00 ...,  -2.16921878e+00
     4.19709635e+00  -4.79241753e+00]
  [  1.27672446e+00   3.21828395e-01  -9.23268509e+00 ...,  -4.85194445e+00
    -2.95931488e-01  -3.13398266e+00]
  ..., 
  [  3.63453078e+00   1.48083317e+00  -6.61681509e+00 ...,  -4.37129259e+00
     2.87265325e+00  -2.73307109e+00]
  [  1.78629899e+00   3.53322411e+00  -8.75081444e+00 ...,  -3.66279340e+00
     2.86544013e+00  -8.58639956e-01]
  [ -8.54802668e-01  -2.67099619e-01  -8.87922668e+00 ...,  -4.19332647e+00
    -2.85204440e-01  -1.42060363e+00]]

 ..., 
 [[  4.11993313e+00  -4.93865758e-01  -9.28659379e-01 ...,  -1.34016061e+00
     3.42814445e+00   5.14618635e-01]
  [  4.63891208e-01  -3.15594941e-01  -1.89458108e+00 ...,  -6.38992608e-01
     5.56939125e+00  -3.71171713e+00]
  [  9.53329742e-01   9.33980942e-01  -7.32260704e+00 ...,  -4.00255966e+00
     1.64764321e+00  -3.77261424e+00]
  ..., 
  [  1.88138843e+00   8.55254769e-01  -7.42690277e+00 ...,  -4.31081724e+00
    -4.86222446e-01  -3.74236321e+00]
  [  2.05824161e+00   2.66139865e+00  -6.30136776e+00 ...,  -2.63004923e+00
     7.06798077e-01  -3.37153625e+00]
  [  1.17774796e+00   2.35362792e+00  -6.64286661e+00 ...,  -3.53973532e+00
    -9.00961518e-01  -2.63160801e+00]]

 [[  2.41869450e+00  -1.75410122e-01  -1.57633483e+00 ...,  -1.17695498e+00
     3.06240988e+00  -1.66829978e-03]
  [  4.16157901e-01   2.00064346e-01  -1.82865155e+00 ...,  -7.44569182e-01
     4.81038332e+00  -3.60913515e+00]
  [  1.58836842e+00   3.36317492e+00  -6.25132465e+00 ...,  -3.87182951e+00
     2.47669435e+00  -4.55557823e+00]
  ..., 
  [  1.41928148e+00   1.46933413e+00  -5.47406197e+00 ...,  -3.25976062e+00
     7.52259791e-01  -2.44652271e+00]
  [  1.58422077e+00   3.55929136e+00  -5.09718275e+00 ...,  -2.22940922e+00
     1.57372415e+00  -1.60507774e+00]
  [  9.39688325e-01   1.76803064e+00  -4.91863155e+00 ...,  -2.51745129e+00
    -3.93549681e-01  -1.78315139e+00]]

 [[  8.45272064e-01  -2.26265639e-01  -3.19874525e+00 ...,  -5.32757342e-01
     2.41641974e+00  -1.01390135e+00]
  [ -2.89763540e-01   1.15608871e+00  -4.75790501e+00 ...,  -1.88460088e+00
     2.13410950e+00  -4.36829185e+00]
  [  1.33177567e+00   3.35171056e+00  -5.41533232e+00 ...,  -3.89905763e+00
     5.57273984e-01  -4.60607195e+00]
  ..., 
  [  1.12505662e+00   2.59893513e+00  -4.13526058e+00 ...,  -3.35082555e+00
     7.03573227e-01  -1.74206901e+00]
  [  2.34278584e+00   2.83415771e+00  -3.25655842e+00 ...,  -2.35086012e+00
     1.55482888e+00  -1.38107288e+00]
  [  1.62419438e+00   2.07272768e+00  -3.32598019e+00 ...,  -9.57936287e-01
     9.37285304e-01  -1.94562638e+00]]]
