[[[  2.29450750e+00  -5.24436684e+01  -3.12296696e+01 ...,   1.79055328e+01
     3.35446167e+01  -5.96357117e+01]
  [  3.25377154e+00  -7.76215515e+01  -3.57498093e+01 ...,  -1.98963394e+01
     4.87373734e+01  -7.67212372e+01]
  [ -2.66549892e+01  -8.30745468e+01  -3.55023384e+01 ...,  -2.79971943e+01
     6.67973404e+01  -3.98714676e+01]
  ..., 
  [ -2.96556320e+01  -8.56236801e+01  -2.25149956e+01 ...,   7.35165596e-01
     7.06276169e+01  -2.38863068e+01]
  [ -1.52312727e+01  -6.15735741e+01  -1.25861421e-01 ...,  -2.82133923e+01
     5.10692024e+01  -7.94752550e+00]
  [ -1.76217499e+01  -5.10701218e+01  -2.97228289e+00 ...,  -2.41761379e+01
     3.86116028e+01   1.86122017e+01]]

 [[  4.36369085e+00  -5.03410988e+01  -1.30226774e+01 ...,   1.42340565e+01
     4.81208572e+01  -5.28698769e+01]
  [  1.80252266e+01  -1.04891731e+02  -5.00980034e+01 ...,   2.32050610e+01
     6.27635460e+01  -6.52679520e+01]
  [  3.08027959e+00  -9.97944565e+01  -3.75304108e+01 ...,   3.40362396e+01
     7.46992874e+01  -2.14650307e+01]
  ..., 
  [  1.46140652e+01  -9.76701508e+01  -2.41180477e+01 ...,   5.26790962e+01
     8.14928055e+01  -2.18704815e+01]
  [ -1.00853252e+00  -7.17016754e+01  -1.93653278e+01 ...,   3.09916172e+01
     5.48340797e+01   2.92644787e+00]
  [  2.32831230e+01  -5.80931740e+01  -2.63110447e+01 ...,   2.84630680e+01
     5.28384552e+01   3.27886505e+01]]

 [[  2.83655691e+00  -3.62394371e+01   6.76524115e+00 ...,   2.07258167e+01
     7.38187943e+01  -8.71907272e+01]
  [  4.24380836e+01  -8.62720795e+01  -4.02331238e+01 ...,   2.97713337e+01
     8.54558105e+01  -9.14839096e+01]
  [  2.57303505e+01  -8.84763794e+01  -1.70061703e+01 ...,   4.41272888e+01
     9.69292374e+01  -5.09880409e+01]
  ..., 
  [  1.80802002e+01  -7.49595718e+01  -6.86019230e+00 ...,   6.81060257e+01
     1.02491493e+02  -4.07621880e+01]
  [ -2.62410617e+00  -5.66059608e+01  -5.36191225e+00 ...,   1.52023888e+01
     7.63457565e+01  -4.30479202e+01]
  [  2.02813816e+01  -2.93018379e+01   4.82791281e+00 ...,   1.23214827e+01
     4.94017448e+01   5.09185648e+00]]

 ..., 
 [[  4.48003340e+00  -3.19254818e+01  -9.93563938e+00 ...,   2.71644955e+01
     5.80785980e+01  -9.92604523e+01]
  [  2.22688217e+01  -8.16682434e+01  -2.54382248e+01 ...,   3.98826332e+01
     8.91549377e+01  -9.59022217e+01]
  [  4.98705149e+00  -1.00099480e+02  -9.58011055e+00 ...,   3.46298103e+01
     1.31619385e+02  -6.45501328e+01]
  ..., 
  [  6.21106291e+00  -7.22038651e+01   2.18260307e+01 ...,   7.93620071e+01
     1.12328461e+02  -3.77685471e+01]
  [ -1.03247490e+01  -5.53663826e+01   6.60835505e+00 ...,   2.47603054e+01
     8.85213852e+01  -3.38685112e+01]
  [  4.55875626e+01  -4.37449074e+01  -9.24565411e+00 ...,   2.02678452e+01
     6.39363441e+01   1.40862045e+01]]

 [[ -2.26966171e+01  -3.03330936e+01   3.78647156e+01 ...,   2.35710335e+01
     7.49074631e+01  -8.71463776e+01]
  [  2.04420114e+00  -9.35314713e+01  -1.57814865e+01 ...,   4.65983162e+01
     1.13238525e+02  -9.44050522e+01]
  [  3.14689231e+00  -7.65410004e+01   2.77683277e+01 ...,   5.23517342e+01
     1.36277344e+02  -6.44517441e+01]
  ..., 
  [  5.14514112e+00  -5.74951515e+01   4.72780266e+01 ...,   8.52455368e+01
     1.20324066e+02  -5.12551956e+01]
  [  3.31465554e+00  -6.95873566e+01   1.48757277e+01 ...,   4.04634933e+01
     9.82964706e+01  -3.43225594e+01]
  [  3.82431068e+01  -4.66285057e+01  -5.74102116e+00 ...,   5.10894661e+01
     4.73063965e+01   9.25504208e+00]]

 [[  1.03634858e+00   1.21031504e+01   3.73196068e+01 ...,   3.20959206e+01
     4.20992279e+01  -5.04022942e+01]
  [  2.70554695e+01  -1.24260941e+01  -8.98006248e+00 ...,   3.71080780e+01
     4.74592781e+01  -5.88362389e+01]
  [  3.45601768e+01   8.17579365e+00   2.56456814e+01 ...,   2.24582176e+01
     7.86834183e+01  -4.98397102e+01]
  ..., 
  [  3.93826675e+01   1.95674515e+01   1.49657316e+01 ...,   3.64082909e+01
     6.82785797e+01  -4.09932518e+01]
  [  2.30861855e+01   9.34934807e+00   4.08376980e+00 ...,   2.19213181e+01
     5.86726646e+01  -6.02333260e+01]
  [  3.58280220e+01   1.48745164e-01  -1.44290066e+01 ...,   2.79769249e+01
     3.82011223e+01  -2.08550129e+01]]]
