[[[  0.00000000e+00   0.00000000e+00   0.00000000e+00   0.00000000e+00
     0.00000000e+00   0.00000000e+00   9.28340454e+01   0.00000000e+00
     0.00000000e+00   0.00000000e+00   0.00000000e+00   0.00000000e+00
     0.00000000e+00   0.00000000e+00]
  [  0.00000000e+00   0.00000000e+00   2.23237045e+02   0.00000000e+00
     0.00000000e+00   0.00000000e+00   0.00000000e+00   0.00000000e+00
     0.00000000e+00   0.00000000e+00   0.00000000e+00   0.00000000e+00
     0.00000000e+00   0.00000000e+00]
  [  0.00000000e+00   0.00000000e+00   2.08303543e+02   0.00000000e+00
     0.00000000e+00   0.00000000e+00   0.00000000e+00   7.39576721e+01
     0.00000000e+00   0.00000000e+00   0.00000000e+00   0.00000000e+00
     0.00000000e+00   0.00000000e+00]
  [  0.00000000e+00   0.00000000e+00   2.13376724e+02   0.00000000e+00
     0.00000000e+00   0.00000000e+00   0.00000000e+00   1.03727135e+02
     0.00000000e+00   0.00000000e+00   0.00000000e+00   0.00000000e+00
     0.00000000e+00   0.00000000e+00]
  [  0.00000000e+00   0.00000000e+00   3.74590210e+02   0.00000000e+00
     0.00000000e+00   0.00000000e+00   0.00000000e+00   1.23130299e-01
     0.00000000e+00   0.00000000e+00   0.00000000e+00   0.00000000e+00
     0.00000000e+00   0.00000000e+00]
  [  0.00000000e+00   0.00000000e+00   3.48160706e+02   0.00000000e+00
     0.00000000e+00   0.00000000e+00   0.00000000e+00   0.00000000e+00
     0.00000000e+00   0.00000000e+00   0.00000000e+00   0.00000000e+00
     0.00000000e+00   0.00000000e+00]
  [  0.00000000e+00   0.00000000e+00   2.42245224e+02   0.00000000e+00
     0.00000000e+00   0.00000000e+00   0.00000000e+00   8.78168106e+01
     0.00000000e+00   0.00000000e+00   0.00000000e+00   0.00000000e+00
     0.00000000e+00   0.00000000e+00]
  [  0.00000000e+00   0.00000000e+00   5.17608948e+02   0.00000000e+00
     0.00000000e+00   0.00000000e+00   0.00000000e+00   5.53819092e+02
     0.00000000e+00   0.00000000e+00   8.78975677e+00   0.00000000e+00
     0.00000000e+00   3.19387054e+01]]

 [[  0.00000000e+00   0.00000000e+00   0.00000000e+00   0.00000000e+00
     0.00000000e+00   0.00000000e+00   0.00000000e+00   0.00000000e+00
     0.00000000e+00   0.00000000e+00   0.00000000e+00   0.00000000e+00
     0.00000000e+00   0.00000000e+00]
  [  0.00000000e+00   0.00000000e+00   3.52499481e+02   0.00000000e+00
     0.00000000e+00   0.00000000e+00   0.00000000e+00   0.00000000e+00
     0.00000000e+00   0.00000000e+00   0.00000000e+00   0.00000000e+00
     0.00000000e+00   0.00000000e+00]
  [  0.00000000e+00   0.00000000e+00   6.12066345e+02   0.00000000e+00
     0.00000000e+00   0.00000000e+00   0.00000000e+00   0.00000000e+00
     0.00000000e+00   0.00000000e+00   0.00000000e+00   0.00000000e+00
     0.00000000e+00   0.00000000e+00]
  [  0.00000000e+00   0.00000000e+00   4.94085144e+02   0.00000000e+00
     0.00000000e+00   0.00000000e+00   0.00000000e+00   0.00000000e+00
     0.00000000e+00   0.00000000e+00   0.00000000e+00   0.00000000e+00
     0.00000000e+00   0.00000000e+00]
  [  0.00000000e+00   0.00000000e+00   5.84657715e+02   0.00000000e+00
     0.00000000e+00   0.00000000e+00   0.00000000e+00   0.00000000e+00
     0.00000000e+00   0.00000000e+00   0.00000000e+00   0.00000000e+00
     0.00000000e+00   0.00000000e+00]
  [  0.00000000e+00   0.00000000e+00   8.68772400e+02   0.00000000e+00
     0.00000000e+00   0.00000000e+00   0.00000000e+00   0.00000000e+00
     0.00000000e+00   0.00000000e+00   0.00000000e+00   0.00000000e+00
     0.00000000e+00   0.00000000e+00]
  [  0.00000000e+00   0.00000000e+00   6.17183838e+02   0.00000000e+00
     0.00000000e+00   0.00000000e+00   0.00000000e+00   0.00000000e+00
     0.00000000e+00   0.00000000e+00   0.00000000e+00   0.00000000e+00
     0.00000000e+00   0.00000000e+00]
  [  0.00000000e+00   0.00000000e+00   6.76976501e+02   0.00000000e+00
     0.00000000e+00   0.00000000e+00   0.00000000e+00   0.00000000e+00
     0.00000000e+00   0.00000000e+00   0.00000000e+00   0.00000000e+00
     0.00000000e+00   0.00000000e+00]]

 [[  0.00000000e+00   0.00000000e+00   0.00000000e+00   0.00000000e+00
     0.00000000e+00   0.00000000e+00   0.00000000e+00   0.00000000e+00
     0.00000000e+00   0.00000000e+00   0.00000000e+00   0.00000000e+00
     0.00000000e+00   0.00000000e+00]
  [  0.00000000e+00   0.00000000e+00   6.84170151e+01   0.00000000e+00
     0.00000000e+00   0.00000000e+00   0.00000000e+00   0.00000000e+00
     0.00000000e+00   0.00000000e+00   0.00000000e+00   0.00000000e+00
     0.00000000e+00   0.00000000e+00]
  [  0.00000000e+00   0.00000000e+00   4.49145386e+02   0.00000000e+00
     0.00000000e+00   0.00000000e+00   0.00000000e+00   0.00000000e+00
     0.00000000e+00   0.00000000e+00   0.00000000e+00   0.00000000e+00
     0.00000000e+00   0.00000000e+00]
  [  0.00000000e+00   0.00000000e+00   5.11091888e+02   0.00000000e+00
     0.00000000e+00   0.00000000e+00   0.00000000e+00   2.80730530e+02
     0.00000000e+00   0.00000000e+00   0.00000000e+00   0.00000000e+00
     0.00000000e+00   0.00000000e+00]
  [  0.00000000e+00   0.00000000e+00   3.44919098e+02   0.00000000e+00
     0.00000000e+00   0.00000000e+00   0.00000000e+00   0.00000000e+00
     0.00000000e+00   0.00000000e+00   0.00000000e+00   0.00000000e+00
     0.00000000e+00   0.00000000e+00]
  [  0.00000000e+00   0.00000000e+00   3.90577881e+02   0.00000000e+00
     0.00000000e+00   0.00000000e+00   0.00000000e+00   0.00000000e+00
     0.00000000e+00   0.00000000e+00   0.00000000e+00   0.00000000e+00
     0.00000000e+00   0.00000000e+00]
  [  0.00000000e+00   0.00000000e+00   5.82812195e+02   0.00000000e+00
     0.00000000e+00   0.00000000e+00   0.00000000e+00   0.00000000e+00
     0.00000000e+00   0.00000000e+00   0.00000000e+00   0.00000000e+00
     0.00000000e+00   0.00000000e+00]
  [  0.00000000e+00   0.00000000e+00   7.24655273e+02   0.00000000e+00
     0.00000000e+00   0.00000000e+00   0.00000000e+00   3.20000267e+00
     0.00000000e+00   0.00000000e+00   0.00000000e+00   0.00000000e+00
     0.00000000e+00   0.00000000e+00]]

 [[  0.00000000e+00   0.00000000e+00   0.00000000e+00   0.00000000e+00
     0.00000000e+00   3.37995415e+01   0.00000000e+00   0.00000000e+00
     0.00000000e+00   0.00000000e+00   0.00000000e+00   0.00000000e+00
     0.00000000e+00   0.00000000e+00]
  [  0.00000000e+00   0.00000000e+00   7.96380081e+01   0.00000000e+00
     0.00000000e+00   0.00000000e+00   0.00000000e+00   0.00000000e+00
     0.00000000e+00   0.00000000e+00   0.00000000e+00   0.00000000e+00
     0.00000000e+00   0.00000000e+00]
  [  0.00000000e+00   0.00000000e+00   1.31046463e+02   0.00000000e+00
     0.00000000e+00   0.00000000e+00   0.00000000e+00   1.92490738e+02
     0.00000000e+00   0.00000000e+00   0.00000000e+00   0.00000000e+00
     0.00000000e+00   0.00000000e+00]
  [  0.00000000e+00   0.00000000e+00   2.75242584e+02   0.00000000e+00
     0.00000000e+00   0.00000000e+00   0.00000000e+00   3.43861237e+02
     0.00000000e+00   0.00000000e+00   0.00000000e+00   0.00000000e+00
     0.00000000e+00   0.00000000e+00]
  [  0.00000000e+00   0.00000000e+00   3.04766968e+02   0.00000000e+00
     0.00000000e+00   0.00000000e+00   0.00000000e+00   1.04111465e+02
     0.00000000e+00   0.00000000e+00   0.00000000e+00   0.00000000e+00
     0.00000000e+00   0.00000000e+00]
  [  0.00000000e+00   0.00000000e+00   0.00000000e+00   0.00000000e+00
     0.00000000e+00   0.00000000e+00   0.00000000e+00   0.00000000e+00
     0.00000000e+00   0.00000000e+00   0.00000000e+00   0.00000000e+00
     0.00000000e+00   0.00000000e+00]
  [  0.00000000e+00   0.00000000e+00   3.16267914e+02   0.00000000e+00
     0.00000000e+00   0.00000000e+00   0.00000000e+00   0.00000000e+00
     0.00000000e+00   0.00000000e+00   0.00000000e+00   0.00000000e+00
     0.00000000e+00   0.00000000e+00]
  [  0.00000000e+00   0.00000000e+00   4.05267731e+02   0.00000000e+00
     0.00000000e+00   0.00000000e+00   0.00000000e+00   3.18488220e+02
     0.00000000e+00   0.00000000e+00   0.00000000e+00   0.00000000e+00
     0.00000000e+00   0.00000000e+00]]

 [[  0.00000000e+00   0.00000000e+00   0.00000000e+00   0.00000000e+00
     0.00000000e+00   0.00000000e+00   0.00000000e+00   0.00000000e+00
     0.00000000e+00   0.00000000e+00   0.00000000e+00   0.00000000e+00
     0.00000000e+00   0.00000000e+00]
  [  0.00000000e+00   0.00000000e+00   3.46553802e+01   0.00000000e+00
     0.00000000e+00   0.00000000e+00   0.00000000e+00   0.00000000e+00
     0.00000000e+00   0.00000000e+00   0.00000000e+00   0.00000000e+00
     0.00000000e+00   0.00000000e+00]
  [  0.00000000e+00   0.00000000e+00   1.24469215e+02   0.00000000e+00
     0.00000000e+00   0.00000000e+00   0.00000000e+00   1.98558228e+02
     0.00000000e+00   0.00000000e+00   0.00000000e+00   0.00000000e+00
     0.00000000e+00   0.00000000e+00]
  [  0.00000000e+00   0.00000000e+00   1.00039467e+02   0.00000000e+00
     0.00000000e+00   3.42375445e+00   0.00000000e+00   2.89168518e+02
     0.00000000e+00   0.00000000e+00   0.00000000e+00   0.00000000e+00
     0.00000000e+00   0.00000000e+00]
  [  0.00000000e+00   0.00000000e+00   2.36937958e+02   0.00000000e+00
     0.00000000e+00   0.00000000e+00   0.00000000e+00   2.28336456e+02
     0.00000000e+00   0.00000000e+00   0.00000000e+00   0.00000000e+00
     0.00000000e+00   0.00000000e+00]
  [  0.00000000e+00   0.00000000e+00   3.91716400e+02   0.00000000e+00
     0.00000000e+00   0.00000000e+00   0.00000000e+00   0.00000000e+00
     0.00000000e+00   0.00000000e+00   0.00000000e+00   0.00000000e+00
     0.00000000e+00   0.00000000e+00]
  [  0.00000000e+00   0.00000000e+00   3.46306396e+02   0.00000000e+00
     0.00000000e+00   0.00000000e+00   0.00000000e+00   0.00000000e+00
     0.00000000e+00   0.00000000e+00   0.00000000e+00   0.00000000e+00
     0.00000000e+00   0.00000000e+00]
  [  0.00000000e+00   0.00000000e+00   4.08394806e+02   0.00000000e+00
     0.00000000e+00   0.00000000e+00   0.00000000e+00   3.73943085e+02
     0.00000000e+00   0.00000000e+00   0.00000000e+00   0.00000000e+00
     0.00000000e+00   0.00000000e+00]]

 [[  0.00000000e+00   0.00000000e+00   0.00000000e+00   0.00000000e+00
     0.00000000e+00   0.00000000e+00   0.00000000e+00   0.00000000e+00
     0.00000000e+00   0.00000000e+00   0.00000000e+00   0.00000000e+00
     0.00000000e+00   0.00000000e+00]
  [  0.00000000e+00   0.00000000e+00   2.13846756e+02   0.00000000e+00
     0.00000000e+00   0.00000000e+00   0.00000000e+00   0.00000000e+00
     0.00000000e+00   0.00000000e+00   0.00000000e+00   0.00000000e+00
     0.00000000e+00   0.00000000e+00]
  [  0.00000000e+00   0.00000000e+00   6.13065376e+01   0.00000000e+00
     0.00000000e+00   0.00000000e+00   0.00000000e+00   7.30478973e+01
     0.00000000e+00   0.00000000e+00   0.00000000e+00   0.00000000e+00
     0.00000000e+00   0.00000000e+00]
  [  0.00000000e+00   0.00000000e+00   2.33328888e+02   0.00000000e+00
     0.00000000e+00   0.00000000e+00   0.00000000e+00   2.98014679e+02
     0.00000000e+00   0.00000000e+00   0.00000000e+00   0.00000000e+00
     0.00000000e+00   0.00000000e+00]
  [  0.00000000e+00   0.00000000e+00   2.58891937e+02   0.00000000e+00
     0.00000000e+00   0.00000000e+00   0.00000000e+00   7.44586563e+01
     0.00000000e+00   0.00000000e+00   0.00000000e+00   0.00000000e+00
     0.00000000e+00   0.00000000e+00]
  [  0.00000000e+00   0.00000000e+00   0.00000000e+00   0.00000000e+00
     0.00000000e+00   6.88630371e+01   0.00000000e+00   0.00000000e+00
     0.00000000e+00   0.00000000e+00   0.00000000e+00   0.00000000e+00
     0.00000000e+00   0.00000000e+00]
  [  0.00000000e+00   0.00000000e+00   3.17535370e+02   0.00000000e+00
     0.00000000e+00   0.00000000e+00   0.00000000e+00   0.00000000e+00
     0.00000000e+00   0.00000000e+00   0.00000000e+00   0.00000000e+00
     0.00000000e+00   0.00000000e+00]
  [  0.00000000e+00   0.00000000e+00   5.51246826e+02   0.00000000e+00
     0.00000000e+00   0.00000000e+00   0.00000000e+00   8.75279236e+01
     0.00000000e+00   0.00000000e+00   0.00000000e+00   0.00000000e+00
     0.00000000e+00   0.00000000e+00]]

 [[  0.00000000e+00   0.00000000e+00   0.00000000e+00   0.00000000e+00
     5.61910095e+01   8.05990372e+01   0.00000000e+00   0.00000000e+00
     0.00000000e+00   0.00000000e+00   0.00000000e+00   1.24175102e+02
     0.00000000e+00   0.00000000e+00]
  [  0.00000000e+00   0.00000000e+00   2.48076843e+02   0.00000000e+00
     0.00000000e+00   0.00000000e+00   0.00000000e+00   0.00000000e+00
     0.00000000e+00   0.00000000e+00   0.00000000e+00   0.00000000e+00
     0.00000000e+00   0.00000000e+00]
  [  0.00000000e+00   0.00000000e+00   0.00000000e+00   0.00000000e+00
     0.00000000e+00   1.50131485e+02   0.00000000e+00   1.81707687e+02
     0.00000000e+00   0.00000000e+00   0.00000000e+00   0.00000000e+00
     0.00000000e+00   0.00000000e+00]
  [  0.00000000e+00   0.00000000e+00   6.34973145e+01   0.00000000e+00
     0.00000000e+00   8.02160721e+01   0.00000000e+00   3.63446198e+02
     0.00000000e+00   0.00000000e+00   0.00000000e+00   0.00000000e+00
     0.00000000e+00   0.00000000e+00]
  [  0.00000000e+00   0.00000000e+00   1.45107330e+02   3.85990143e+01
     0.00000000e+00   3.91776245e+02   0.00000000e+00   2.25087936e+02
     0.00000000e+00   0.00000000e+00   0.00000000e+00   0.00000000e+00
     0.00000000e+00   0.00000000e+00]
  [  0.00000000e+00   0.00000000e+00   0.00000000e+00   0.00000000e+00
     0.00000000e+00   4.71453156e+02   0.00000000e+00   7.02021103e+01
     0.00000000e+00   0.00000000e+00   0.00000000e+00   0.00000000e+00
     0.00000000e+00   0.00000000e+00]
  [  0.00000000e+00   0.00000000e+00   1.16849762e+02   0.00000000e+00
     0.00000000e+00   5.43826256e+01   0.00000000e+00   1.09620026e+02
     0.00000000e+00   0.00000000e+00   0.00000000e+00   0.00000000e+00
     0.00000000e+00   0.00000000e+00]
  [  0.00000000e+00   0.00000000e+00   2.55001968e+02   0.00000000e+00
     0.00000000e+00   4.12532425e+01   0.00000000e+00   3.04398651e+02
     0.00000000e+00   0.00000000e+00   0.00000000e+00   0.00000000e+00
     0.00000000e+00   0.00000000e+00]]

 [[  0.00000000e+00   0.00000000e+00   1.77857971e+01   3.49372101e+01
     2.71164150e+01   2.34270905e+02   0.00000000e+00   0.00000000e+00
     0.00000000e+00   0.00000000e+00   0.00000000e+00   0.00000000e+00
     0.00000000e+00   0.00000000e+00]
  [  0.00000000e+00   0.00000000e+00   6.29064293e+01   1.03627487e+02
     0.00000000e+00   3.35182709e+02   0.00000000e+00   0.00000000e+00
     0.00000000e+00   0.00000000e+00   0.00000000e+00   0.00000000e+00
     0.00000000e+00   0.00000000e+00]
  [  0.00000000e+00   0.00000000e+00   4.14020615e+01   1.66832581e+02
     0.00000000e+00   2.25107437e+02   0.00000000e+00   7.15741959e+01
     0.00000000e+00   0.00000000e+00   0.00000000e+00   0.00000000e+00
     0.00000000e+00   0.00000000e+00]
  [  0.00000000e+00   0.00000000e+00   1.05447289e+02   2.26769302e+02
     0.00000000e+00   2.13284134e+02   0.00000000e+00   2.43588715e+02
     0.00000000e+00   0.00000000e+00   0.00000000e+00   0.00000000e+00
     0.00000000e+00   0.00000000e+00]
  [  0.00000000e+00   0.00000000e+00   3.76434860e+01   8.95295486e+01
     0.00000000e+00   3.99996826e+02   0.00000000e+00   1.37076523e+02
     0.00000000e+00   0.00000000e+00   0.00000000e+00   0.00000000e+00
     0.00000000e+00   0.00000000e+00]
  [  0.00000000e+00   0.00000000e+00   6.05179329e+01   0.00000000e+00
     0.00000000e+00   4.44325592e+02   0.00000000e+00   0.00000000e+00
     0.00000000e+00   0.00000000e+00   0.00000000e+00   0.00000000e+00
     0.00000000e+00   0.00000000e+00]
  [  0.00000000e+00   0.00000000e+00   2.79907928e+02   0.00000000e+00
     0.00000000e+00   0.00000000e+00   0.00000000e+00   0.00000000e+00
     0.00000000e+00   0.00000000e+00   0.00000000e+00   0.00000000e+00
     0.00000000e+00   0.00000000e+00]
  [  0.00000000e+00   0.00000000e+00   1.62814957e+02   2.72007866e+01
     0.00000000e+00   0.00000000e+00   0.00000000e+00   0.00000000e+00
     0.00000000e+00   0.00000000e+00   0.00000000e+00   0.00000000e+00
     0.00000000e+00   0.00000000e+00]]]
