[[[  1728.12255859      0.              0.              0.              0.
        0.          10769.60742188      0.              0.          21265.3984375
        0.            319.86148071      0.           3224.66992188]
  [     0.              0.              0.              0.              0.
        0.          11315.01171875      0.              0.           6982.95800781
        0.              0.              0.           7303.96923828]]

 [[   474.11956787      0.              0.              0.              0.
        0.              0.              0.              0.           6868.45654297
        0.           6916.53222656      0.           8877.31640625]
  [     0.              0.              0.              0.              0.
        0.              0.              0.           2319.23144531      0.
        0.              0.              0.           3863.39868164]]]
