[[[   727.77337646      0.              0.              0.              0.
        0.          10851.36621094      0.              0.          17839.56640625
        0.           1879.50512695      0.           1178.54980469]
  [     0.              0.              0.              0.              0.
        0.           9548.33496094      0.              0.           8480.80273438
        0.              0.           1180.18518066   5706.16503906]]

 [[  1424.22387695      0.              0.              0.              0.
        0.            397.2350769       0.              0.           1916.56347656
        0.           5165.45117188      0.           7872.36181641]
  [   594.45635986      0.              0.              0.              0.
        0.              0.              0.           1912.82092285      0.
        0.            869.76861572      0.           4299.54101562]]]
