[[[  2.08132362e+00  -1.14192975e+00  -2.11091712e-01 ...,   2.11608917e-01
    -2.27451697e-01  -5.25179386e-01]
  [  5.11274278e-01  -1.51213193e+00  -6.35449290e-01 ...,  -3.00829440e-01
     7.06568122e-01  -7.78074026e-01]
  [  4.23460275e-01  -1.80105615e+00  -2.48976135e+00 ...,  -1.63795769e+00
    -1.51934922e-01  -4.98334467e-01]
  ..., 
  [  3.30049485e-01  -3.17853475e+00  -5.29473877e+00 ...,  -1.88126695e+00
     8.02362084e-01   8.64680782e-02]
  [ -2.45162892e+00  -2.02069592e+00  -2.90496063e+00 ...,  -1.74919081e+00
     9.22725558e-01   1.12122273e+00]
  [ -1.51466811e+00  -3.58560324e+00  -6.32315397e+00 ...,  -3.46531487e+00
    -1.21962667e+00   1.16314065e+00]]

 [[  4.02659893e+00  -2.30268812e+00   1.06980932e+00 ...,  -3.28416340e-02
     3.96660328e-01  -7.08896816e-01]
  [  5.13829410e-01  -1.78092468e+00  -7.91018903e-01 ...,  -5.71272314e-01
     9.62848127e-01  -2.06953216e+00]
  [  5.98708928e-01  -3.00888348e+00  -2.79987001e+00 ...,  -2.69047022e+00
    -1.73501003e+00  -1.16529942e+00]
  ..., 
  [  1.75798988e+00  -9.63347971e-01  -5.24691200e+00 ...,  -3.36220336e+00
     2.73290777e+00  -4.89483804e-01]
  [ -4.01706472e-02   3.81419897e-01  -4.86465502e+00 ...,  -1.57725871e+00
     3.00504422e+00  -2.87602693e-02]
  [  8.89609575e-01  -1.39503467e+00  -5.95379114e+00 ...,  -2.46628046e+00
    -7.84688294e-02   9.76818085e-01]]

 [[  4.75037193e+00  -1.53875411e+00   8.03062558e-01 ...,  -2.96209365e-01
     3.38558364e+00   4.89154845e-01]
  [ -3.48215166e-04  -9.89364743e-01  -4.79353368e-01 ...,  -8.62854838e-01
     4.94643259e+00  -1.92981493e+00]
  [  1.21811521e+00  -1.84673381e+00  -5.51600933e+00 ...,  -3.82932568e+00
     8.24948847e-01  -5.31132162e-01]
  ..., 
  [  2.73995471e+00   1.04503572e+00  -6.76162434e+00 ...,  -5.26360083e+00
     1.83043706e+00  -4.80697680e+00]
  [  2.73149490e+00   5.36683416e+00  -6.70548677e+00 ...,  -2.67338967e+00
     2.36599064e+00  -3.57436442e+00]
  [  2.83873463e+00   2.29406857e+00  -8.64572144e+00 ...,  -3.13152671e+00
    -4.81235683e-01  -7.68166661e-01]]

 ..., 
 [[  3.26645136e+00  -1.13983917e+00  -1.18283093e+00 ...,  -4.20203835e-01
     2.20111418e+00  -4.94070143e-01]
  [ -4.68697935e-01  -1.89512059e-01  -2.98542285e+00 ...,  -1.23600841e+00
     3.45147133e+00  -4.49019718e+00]
  [  2.08469415e+00   1.11528707e+00  -7.28894234e+00 ...,  -4.26117325e+00
     1.07594818e-01  -3.19777703e+00]
  ..., 
  [  1.36221123e+00   5.22015691e-01  -4.43170643e+00 ...,  -4.09434414e+00
    -8.78599882e-01  -2.54650307e+00]
  [  1.64751756e+00   1.66392815e+00  -4.63636684e+00 ...,  -1.82890880e+00
     1.06690800e+00  -1.13956416e+00]
  [  7.01336861e-01   3.39259446e-01  -5.54619455e+00 ...,  -2.31796169e+00
     5.11505783e-01  -2.01320863e+00]]

 [[  2.45432258e+00   7.35875368e-02  -1.50083685e+00 ...,   2.31332392e-01
     3.25457931e+00  -3.38358372e-01]
  [ -6.82435215e-01   6.49622917e-01  -1.33008897e+00 ...,  -8.50043654e-01
     3.65575337e+00  -3.01794147e+00]
  [  1.13140607e+00   1.43182254e+00  -6.14036083e+00 ...,  -3.11209249e+00
     7.80456364e-01  -2.16218519e+00]
  ..., 
  [  1.01916516e+00   1.83856726e+00  -4.30201387e+00 ...,  -2.94534016e+00
     7.75224030e-01  -1.88955379e+00]
  [  1.54062271e+00   2.89753795e+00  -4.25783348e+00 ...,  -9.21830297e-01
     2.16308880e+00  -8.23347270e-01]
  [  6.42794847e-01   9.00677264e-01  -5.30493259e+00 ...,  -2.12052631e+00
     9.38254356e-01  -2.15459347e+00]]

 [[  9.11081612e-01   1.23065196e-01  -1.68618083e+00 ...,  -3.92115414e-01
     2.48246932e+00  -3.99659574e-01]
  [  5.80750592e-02   1.37147617e+00  -2.71981859e+00 ...,  -1.02312708e+00
     2.65583897e+00  -3.12914968e+00]
  [  1.91499472e+00   2.53560519e+00  -4.53040981e+00 ...,  -2.60244894e+00
     4.82690126e-01  -1.43170917e+00]
  ..., 
  [  7.84760654e-01   1.89493573e+00  -3.73357463e+00 ...,  -3.00822687e+00
     8.38988543e-01  -1.62938154e+00]
  [  2.22117472e+00   2.38941956e+00  -3.39459586e+00 ...,  -2.21241140e+00
     1.83409500e+00  -1.46612406e+00]
  [  1.47845590e+00   2.13318419e+00  -3.74949789e+00 ...,  -8.90450120e-01
     1.15794683e+00  -2.63453770e+00]]]
