[[[   147.23295593      0.              0.              0.              0.
        0.           9030.296875        0.              0.          18165.81445312
        0.           2794.11572266      0.           3110.48999023]
  [     0.              0.              0.              0.              0.
        0.           8662.21972656      0.            601.62628174
     6701.37402344      0.              0.            242.72273254
     7047.68457031]]

 [[  1000.01568604      0.              0.              0.              0.
        0.           1069.32958984      0.              0.           4199.35986328
        0.           6318.66748047      0.           7114.46289062]
  [     0.              0.              0.            978.24407959      0.
        0.              0.              0.           1035.43591309      0.
        0.           1286.39282227      0.           4436.62695312]]]
