[[[  0.           0.           0.         ...,   0.          16.6372776
     0.        ]
  [ 15.5707531    0.           0.         ...,   0.           0.           0.        ]
  [  2.66560173   0.           0.         ...,   0.           6.73778725
     0.        ]
  ..., 
  [  0.           0.           0.         ...,   0.          22.43542862
     0.        ]
  [  0.          37.21511841   0.         ...,   0.          18.07384491
     0.        ]
  [ 25.05428505   0.           0.         ...,   0.          19.63070488
     0.        ]]

 [[  0.           0.           0.         ...,   0.          35.56796265
     0.        ]
  [  0.           0.           0.         ...,   0.          28.2180748
     0.        ]
  [  0.           0.           0.         ...,   0.          15.58688736
     0.        ]
  ..., 
  [  0.           0.           0.         ...,   0.          17.63303375
     0.        ]
  [  0.          33.12464142   0.         ...,   0.          30.65027428
     0.        ]
  [  8.16590023   0.           0.         ...,   0.          16.36130142
     0.        ]]

 [[  0.           0.           0.         ...,   0.           0.           0.        ]
  [  3.96136522   0.           0.         ...,   0.          10.35388851
     0.        ]
  [  0.           0.           0.         ...,   0.           7.2007041
     0.        ]
  ..., 
  [  0.           0.           0.         ...,   0.          17.26930809
     0.        ]
  [  9.51263618  22.63675117   0.         ...,   0.          35.43170929
     0.        ]
  [ 22.88302612   0.           0.         ...,   0.          33.81135559
     0.        ]]

 ..., 
 [[  0.           0.           0.         ...,   0.           0.           0.        ]
  [  4.4130168    0.           0.         ...,   0.           2.75486779
     0.        ]
  [  0.           0.           0.         ...,   0.           9.27271557
     0.        ]
  ..., 
  [  0.           0.           0.         ...,   0.           7.26769972
     0.        ]
  [ 13.00722027  12.52083397   0.         ...,   0.          22.79014206
     0.        ]
  [ 12.18956566   0.           0.         ...,   0.          14.5288105
     0.        ]]

 [[  0.           0.           0.         ...,   0.           0.           0.        ]
  [  0.           0.           0.         ...,   0.           1.82197595
     0.        ]
  [  0.           0.66973448   0.         ...,   0.           5.97866583
     0.        ]
  ..., 
  [  0.           0.           0.         ...,   0.           0.64797944
     0.        ]
  [  4.31235552  10.91606808   4.08844709 ...,   1.83696401  17.32999992
     0.        ]
  [  6.09400558   4.79563665   0.         ...,   0.53047764   4.37716293
     0.        ]]

 [[  0.           0.           0.         ...,   0.           0.           0.        ]
  [  0.           0.           0.         ...,   0.           5.23133707
     0.        ]
  [  0.           0.           0.         ...,   0.           4.15829659
     0.        ]
  ..., 
  [  1.6560086    0.           0.         ...,   2.43335629   0.           0.        ]
  [ 14.49425125   1.45087218   0.         ...,  16.56425858  11.26967525
     2.66554809]
  [  7.37356043   4.85792208   0.32636604 ...,  11.78800964  10.48381996
    18.9004097 ]]]
