[[[  0.           0.           0.         ...,   0.           3.98917603
     0.        ]
  [ 10.72441006   0.           0.         ...,   0.           1.24820876
     0.        ]
  [  0.           0.           0.         ...,   0.           0.           0.        ]
  ..., 
  [  0.           0.           0.         ...,   0.           1.0275352
     0.        ]
  [  4.25935555  41.53937531   1.50967467 ...,   0.          13.10201359
     0.        ]
  [ 21.2714653    0.           0.         ...,   0.          25.54336166
     0.        ]]

 [[  0.           0.           0.         ...,   0.          29.59486008
     0.        ]
  [  0.           0.           0.         ...,   0.          27.5884304
     0.        ]
  [  0.           0.           0.         ...,   0.          16.85256195
     0.        ]
  ..., 
  [  0.           0.           0.         ...,   0.           7.97293329
     0.        ]
  [  0.          38.90414047   0.         ...,   0.          37.34519958
     0.        ]
  [  2.20693541   0.           0.         ...,   0.          18.52820015
     0.        ]]

 [[  0.           0.           0.         ...,   0.           6.03310919
     0.        ]
  [  0.           0.           0.         ...,   0.          15.17374992
     0.        ]
  [  0.           0.           0.         ...,   0.           6.50325251
     0.        ]
  ..., 
  [  0.           0.           0.         ...,   0.           7.64650202
     0.        ]
  [ 17.09240913  26.41727829   0.         ...,   0.          38.40083694
     0.        ]
  [ 17.03624725   2.70011091   0.         ...,   0.          28.27887154
     0.        ]]

 ..., 
 [[  0.           0.           0.         ...,   0.           7.25315094
     0.        ]
  [  0.           0.           0.         ...,   0.          15.38634968
     0.        ]
  [  0.           0.           0.         ...,   0.           1.23170257
     0.        ]
  ..., 
  [  0.           0.           0.         ...,   0.          13.93906689
     0.        ]
  [ 21.68174744  11.89192867   0.         ...,   0.          42.48495865
     0.        ]
  [ 12.03027534   0.           0.         ...,   0.          37.81709671
     0.        ]]

 [[  0.           0.           0.         ...,   0.           0.           0.        ]
  [  0.           0.           0.         ...,   0.           0.           0.        ]
  [  0.          13.78509808   0.         ...,   0.           0.           0.        ]
  ..., 
  [  0.           0.           0.         ...,   0.           0.           0.        ]
  [ 17.93966675  13.29611015   2.53167248 ...,  23.38251877  30.61425781
     0.        ]
  [ 16.00633621  14.93048573   0.         ...,  11.23587132  19.57415581
     0.        ]]

 [[  0.           0.           0.         ...,   0.           2.00064802
     0.        ]
  [  2.01657581   5.1046772    0.         ...,   0.           3.24322605
     0.        ]
  [  0.           0.           0.         ...,   0.           0.           0.        ]
  ..., 
  [  0.           0.           0.         ...,   0.           5.47178125
     0.        ]
  [  8.30814266   0.51583666   6.1590414  ...,  30.53890419  22.57108688
     9.77661133]
  [ 14.64900875  10.76492023   0.         ...,  10.40297604  12.13033676
    30.20529175]]]
