[[[  0.           0.           0.         ...,   0.           0.           0.        ]
  [  0.           0.           0.         ...,   0.           0.           0.        ]
  [  0.           0.           0.         ...,   0.           0.           0.        ]
  ..., 
  [  0.           0.           0.         ...,   0.           0.59616619
     0.        ]
  [  0.          48.7480011    0.         ...,   0.           4.25306273
     0.        ]
  [ 16.08302307   0.           0.         ...,   0.           9.12173653
     0.        ]]

 [[  0.           4.75965881   0.         ...,   0.          23.80421638
     0.        ]
  [  0.76239121   0.           0.         ...,   0.          10.56564426
     0.        ]
  [  0.           0.           0.         ...,   0.          10.44387817
     0.        ]
  ..., 
  [  0.           0.           0.         ...,   0.          24.17983437
     0.        ]
  [  0.          49.52125168   0.         ...,   0.          32.53983688
     0.        ]
  [ 10.92918777   0.           0.         ...,   0.          20.47514725
     0.        ]]

 [[  0.           0.           0.         ...,   0.          14.23102188
     0.        ]
  [  0.           0.           0.         ...,   0.           9.00242901
     0.        ]
  [  0.           0.           0.         ...,   0.           0.           0.        ]
  ..., 
  [  0.           0.           0.         ...,   0.          12.31044292
     0.        ]
  [ 18.09608078  29.08307266   0.         ...,   0.          36.54515076
     0.        ]
  [ 24.47609329   0.           0.         ...,   0.          29.26585007
     0.        ]]

 ..., 
 [[  0.           0.           0.         ...,   0.           5.36486053
     0.        ]
  [  0.           0.           0.         ...,   0.          17.0268364
     0.        ]
  [  0.           0.           0.         ...,   0.           6.13491392
     0.        ]
  ..., 
  [  0.           0.           0.         ...,   0.          11.60790443
     0.        ]
  [ 14.83767414  13.11334133   0.         ...,   0.          30.23265648
     0.        ]
  [ 14.65405273   0.           0.         ...,   0.          25.51296043
     0.        ]]

 [[  0.           0.           0.         ...,   0.           0.           0.        ]
  [  0.           0.           0.         ...,   0.           0.56175464
     0.        ]
  [  0.           6.10894012   0.         ...,   0.           0.           0.        ]
  ..., 
  [  0.           0.           0.         ...,   0.           2.52426672
     0.        ]
  [  7.54655647  23.53056526  12.93033028 ...,   7.65421295  23.07828331
     0.        ]
  [  4.51890755   3.60111737   0.         ...,   1.19275558  11.75972176
     0.        ]]

 [[  0.           0.           0.         ...,   0.           1.91203046
     0.        ]
  [  5.48336411   0.           0.         ...,   0.           0.89860195
     0.        ]
  [  0.           5.57906866   0.         ...,   0.           0.           0.        ]
  ..., 
  [  0.           0.           0.         ...,   0.           1.3973918
     0.        ]
  [ 11.61720562  11.56443691   9.86118221 ...,  17.67030716  24.24335098
     0.        ]
  [ 10.20325375   8.92572594   0.         ...,   8.79459286  12.50940514
    11.96610165]]]
