[[[  31.55801392    0.            0.            0.            0.            0.
    173.66200256    0.            0.            0.            0.            0.
      0.            0.        ]
  [   0.            0.           42.55039978    0.            0.            0.
     10.77324963    0.            0.            0.            0.            0.
      0.            0.        ]
  [   0.            0.          293.68530273    0.            0.            0.
      0.           21.37774086    0.            0.            0.            0.
      0.            0.        ]
  [   0.            0.          203.52799988    0.            0.            0.
      0.          105.04089355    0.            0.            0.            0.
      0.            0.        ]
  [   0.            0.          248.89346313    0.            0.            0.
      0.           84.32247162    0.            0.            0.            0.
      0.            0.        ]
  [   0.            0.          285.12548828    0.            0.            0.
      0.            0.            0.            0.            0.            0.
      0.            0.        ]
  [   0.            0.           94.32242584    0.            0.            0.
      0.            0.            0.            0.            0.            0.
      0.            0.        ]
  [   0.            0.          475.14831543    0.            0.            0.
      0.          402.45825195    0.            0.            0.            0.
      0.            0.        ]]

 [[   0.            0.           16.53324699    0.            0.            0.
      0.            0.            0.            0.            0.            0.
      0.            0.        ]
  [   0.            0.          318.18557739    0.            0.            0.
      0.            0.            0.            0.            0.            0.
      0.            0.        ]
  [   0.            0.          379.54940796    0.            0.            0.
      0.            0.            0.            0.            0.            0.
      0.            0.        ]
  [   0.            0.          467.09631348    0.            0.
     80.70043182    0.            0.            0.            0.            0.
      0.            0.            0.        ]
  [   0.            0.          519.97467041    0.            0.
     18.18573189    0.            0.            0.            0.            0.
      0.            0.            0.        ]
  [   0.            0.          482.30957031    0.            0.
    109.38990021    0.            0.            0.            0.            0.
      0.            0.            0.        ]
  [   0.            0.          511.60754395    0.            0.            0.
      0.            0.            0.            0.            0.            0.
      0.            0.        ]
  [   0.            0.          639.95263672    0.            0.            0.
      0.            0.            0.            0.            0.            0.
      0.            0.        ]]

 [[   0.            0.            0.            0.            0.            0.
      0.            0.            0.            0.            0.            0.
      0.            0.        ]
  [   0.            0.          241.5255127     0.            0.            0.
      0.            0.            0.            0.            0.            0.
      0.            0.        ]
  [   0.            0.          276.38766479    0.            0.            0.
      0.          134.28456116    0.            0.            0.            0.
      0.            0.        ]
  [   0.            0.          214.14529419    0.            0.            0.
      0.          131.08598328    0.            0.            0.            0.
      0.            0.        ]
  [   0.            0.          258.91189575    0.            0.
     23.02832222    0.          116.90671539    0.            0.            0.
      0.            0.            0.        ]
  [   0.            0.          163.59677124    0.            0.
     21.43840599    0.            9.58596325    0.            0.            0.
      0.            0.            0.        ]
  [   0.            0.          402.64593506    0.            0.            0.
      0.            0.            0.            0.            0.            0.
      0.            0.        ]
  [   0.            0.          512.11297607    0.            0.            0.
      0.          103.11849213    0.            0.            0.            0.
      0.            0.        ]]

 [[   0.            0.            0.            0.            0.            0.
      0.            0.            0.            0.            0.            0.
      0.            0.        ]
  [   0.            0.          114.7048111     0.            0.            0.
      0.            0.            0.            0.            0.            0.
      0.            0.        ]
  [   0.            0.           77.06238556    0.            0.            0.
      0.          164.35577393    0.            0.            0.            0.
      0.            0.        ]
  [   0.            0.           32.28468323    0.            0.            0.
      0.          234.45927429    0.            0.            0.            0.
      0.            0.        ]
  [   0.            0.           64.13305664    0.            0.            0.
      0.          286.16387939    0.            0.            0.            0.
      0.            0.        ]
  [   0.            0.           65.95555878    0.            0.
     21.68829155    0.          191.05014038    0.            0.            0.
      0.            0.            0.        ]
  [   0.            0.          261.45846558    0.            0.            0.
      0.            0.            0.            0.            0.            0.
      0.            0.        ]
  [   0.            0.          241.26864624    0.            0.            0.
      0.          142.01499939    0.            0.            0.            0.
      0.            0.        ]]

 [[   0.            0.            0.            0.            0.            0.
      0.            0.            0.            0.            0.            0.
      0.            0.        ]
  [   0.            0.           99.81624603    0.            0.            0.
      0.            0.            0.            0.            0.            0.
      0.            0.        ]
  [   0.            0.            0.            0.            0.            0.
      0.          287.07647705    0.            0.            0.            0.
      0.            0.        ]
  [   0.            0.           21.93400383    0.            0.            0.
      0.          188.61680603    0.            0.            0.            0.
      0.            0.        ]
  [   0.            0.           52.88092422   25.75645256    0.            0.
      0.          229.17485046    0.            0.            0.            0.
      0.            0.        ]
  [   0.            0.           19.27404785    0.            0.
     20.6999855     0.          146.13204956    0.            0.            0.
      0.            0.            0.        ]
  [   0.            0.          181.00733948    0.            0.            0.
      0.            0.            0.            0.            0.            0.
      0.            0.        ]
  [   0.            0.          211.67021179    0.            0.            0.
      0.          195.23104858    0.            0.            0.            0.
      0.            0.        ]]

 [[   0.            0.            0.            0.            0.            0.
      0.            0.            0.            0.            0.            0.
      0.            0.        ]
  [   0.            0.          108.58357239    0.            0.            0.
      0.            0.            0.            0.            0.            0.
      0.            0.        ]
  [   0.            0.           29.6364727     0.            0.            0.
      0.          168.31684875    0.            0.            0.            0.
      0.            0.        ]
  [   0.            0.           39.75919724    0.            0.            0.
      0.          124.20560455    0.            0.            0.            0.
      0.            0.        ]
  [   0.            0.          175.82557678    0.            0.            0.
      0.          196.14888       0.            0.            0.            0.
      0.            0.        ]
  [   0.            0.           49.22049713    0.            0.            0.
      0.          117.75102997    0.            0.            0.            0.
      0.            0.        ]
  [   0.            0.          270.21890259    0.            0.            0.
      0.            0.            0.            0.            0.            0.
      0.            0.        ]
  [   0.            0.          302.93347168    0.            0.            0.
      0.           21.14912987    0.            0.            0.            0.
      0.            0.        ]]

 [[   0.            0.            0.            0.            6.21855783
      0.            0.            0.            0.            0.            0.
    135.00788879    0.            0.        ]
  [   0.            0.            1.23833549    0.            0.
     48.53977585    0.            0.            0.            0.            0.
     19.36271095    0.            0.        ]
  [   0.            0.           91.35002136    0.            0.
     50.48189163    0.          160.23970032    0.            0.            0.
      0.            0.            0.        ]
  [   0.            0.           21.4928875     0.            0.
     79.58361053    0.          169.93774414    0.            0.            0.
      0.            0.            0.        ]
  [   0.            0.            0.           23.87527657    0.
    141.36384583    0.          216.00036621    0.            0.            0.
      0.            0.            0.        ]
  [   0.            0.            0.            0.            0.
    255.02154541    0.          199.07575989    0.            0.            0.
      0.            0.            0.        ]
  [   0.            0.           98.79190063    0.            0.
     41.72031403    0.           64.66062927    0.            0.            0.
      0.            0.            0.        ]
  [   0.            0.           58.53779602   38.0254097     0.            0.
      0.          140.17320251    0.            0.            0.            0.
      0.            0.        ]]

 [[   0.            0.            0.            0.            0.
     98.68585968    0.            0.            0.            0.            0.
     85.73688507    0.            0.        ]
  [   0.            0.            0.           84.89046478    0.
     82.44012451    0.            0.            0.            0.            0.
      0.            0.            0.        ]
  [   0.            0.            2.16033292  168.71780396    0.
     28.2796154     0.          145.80421448    0.            0.            0.
      0.            0.            0.        ]
  [   0.            0.           35.07921219   78.29657745    0.
     39.79653549    0.          136.19967651    0.            0.            0.
      0.            0.            0.        ]
  [   0.            0.            0.           75.44415283    0.
     43.44327927    0.          146.29832458    0.            0.            0.
      0.            0.            0.        ]
  [   0.            0.            0.           19.51989365    0.
    149.22584534    0.          135.57658386    0.            0.            0.
      0.            0.            0.        ]
  [   0.            0.           14.43819904    0.            0.
     20.76058197    0.           54.31193161    0.            0.            0.
      0.            0.            0.        ]
  [   0.            0.            1.40827382    0.            0.            0.
      0.           49.70866013    0.            0.            0.            0.
      0.            0.        ]]]
