[[[   7.09246922    0.            0.            0.            0.            0.
    180.20808411    0.            0.            0.            0.            0.
      0.            0.        ]
  [   0.            0.          244.98054504    0.            0.            0.
      0.            0.            0.            0.            0.            0.
      0.            0.        ]
  [   0.            0.          329.63269043    0.            0.            0.
      0.           59.71598816    0.            0.            0.            0.
      0.            0.        ]
  [   0.            0.          273.48635864    0.            0.            0.
      0.           56.59819031    0.            0.            0.            0.
      0.            0.        ]
  [   0.            0.          374.74884033    0.            0.            0.
      0.            0.            0.            0.            0.            0.
      0.            0.        ]
  [   0.            0.          327.53875732    0.            0.            0.
      0.            0.            0.            0.            0.            0.
      0.            0.        ]
  [   0.            0.           85.72659302    0.            0.            0.
      0.            0.            0.            0.            0.            0.
      0.            0.        ]
  [   0.            0.          380.02438354    0.            0.            0.
      0.          471.20355225    0.            0.          121.15464783
      0.            0.            0.        ]]

 [[   0.            0.            0.            0.            0.            0.
      0.            0.            0.            0.            0.            0.
      0.            0.        ]
  [   0.            0.          358.2019043     0.            0.            0.
      0.            0.            0.            0.            0.            0.
      0.            0.        ]
  [   0.            0.          526.7053833     0.            0.
     52.98516464    0.            0.            0.            0.            0.
      0.            0.            0.        ]
  [   0.            0.          490.6725769     0.            0.
     80.79572296    0.            0.            0.            0.            0.
      0.            0.            0.        ]
  [   0.            0.          403.42977905    0.            0.
     72.44985199    0.            0.            0.            0.            0.
      0.            0.            0.        ]
  [   0.            0.          633.81176758    0.            0.
     14.96204376    0.            0.            0.            0.            0.
      0.            0.            0.        ]
  [   0.            0.          489.08752441    0.            0.            0.
      0.            0.            0.            0.            0.            0.
      0.            0.        ]
  [   0.            0.          584.06604004    0.            0.            0.
      0.            0.            0.            0.            0.            0.
      0.            0.        ]]

 [[   0.            0.            0.            0.            0.            0.
      0.            0.            0.            0.            0.            0.
      0.            0.        ]
  [   0.            0.           58.96602631    0.            0.
     28.86645699    0.            0.            0.            0.            0.
      0.            0.            0.        ]
  [   0.            0.          230.67454529    0.            0.
     39.78505325    0.           93.06918335    0.            0.            0.
      0.            0.            0.        ]
  [   0.            0.          247.13330078    0.            0.
    163.51919556    0.          157.57244873    0.            0.            0.
      0.            0.            0.        ]
  [   0.            0.          151.51376343    0.            0.
     98.66881561    0.          125.29107666    0.            0.            0.
      0.            0.            0.        ]
  [   0.            0.          188.18890381    0.            0.
     53.81735229    0.            0.            0.            0.            0.
      0.            0.            0.        ]
  [   0.            0.          311.81576538    0.            0.            0.
      0.            0.            0.            0.            0.            0.
      0.            0.        ]
  [   0.            0.          518.54107666    0.            0.            0.
      0.           19.27289391    0.            0.            0.            0.
      0.            0.        ]]

 [[   0.            0.            0.            0.            0.            0.
      0.            0.            0.            0.            0.            0.
      0.            0.        ]
  [   0.            0.           43.77345657    0.            0.            0.
      0.            0.            0.            0.            0.            0.
      0.            0.        ]
  [   0.            0.          192.09161377    0.            0.            0.
      0.          215.05056763    0.            0.            0.            0.
      0.            0.        ]
  [   0.            0.          129.6268158     0.            0.
     18.08318138    0.          218.03004456    0.            0.            0.
      0.            0.            0.        ]
  [   0.            0.          106.87421417    0.            0.            0.
      0.          164.10470581    0.            0.            0.            0.
      0.            0.        ]
  [   0.            0.           70.9725647     0.            0.            0.
      0.            9.21088123    0.            0.            0.            0.
      0.            0.        ]
  [   0.            0.          177.06259155    0.            0.            0.
      0.            0.            0.            0.            0.            0.
      0.            0.        ]
  [   0.            0.          320.53274536    0.            0.            0.
      0.          155.24919128    0.            0.            0.            0.
      0.            0.        ]]

 [[   0.            0.            0.            0.            0.            0.
      0.            0.            0.            0.            0.            0.
      0.            0.        ]
  [   0.            0.           27.13772392    0.            0.            0.
      0.            0.            0.            0.            0.            0.
      0.            0.        ]
  [   0.            0.          189.16607666    0.            0.            0.
      0.          140.64646912    0.            0.            0.            0.
      0.            0.        ]
  [   0.            0.           47.80067444    0.            0.
     19.56217384    0.          159.83613586    0.            0.            0.
      0.            0.            0.        ]
  [   0.            0.           95.68547821    0.            0.            0.
      0.           66.06347656    0.            0.            0.            0.
      0.            0.        ]
  [   0.            0.          285.0730896     0.            0.            0.
      0.            0.            0.            0.            0.            0.
      0.            0.        ]
  [   0.            0.          269.76489258    0.            0.            0.
      0.            0.            0.            0.            0.            0.
      0.            0.        ]
  [   0.            0.          311.04281616    0.            0.            0.
      0.          205.55226135    0.            0.            0.            0.
      0.            0.        ]]

 [[   0.            0.            0.            0.            0.            0.
      0.            0.            0.            0.            0.            0.
      0.            0.        ]
  [   0.            0.          143.20153809    0.            0.            0.
      0.            0.            0.            0.            0.            0.
      0.            0.        ]
  [   0.            0.          174.37353516    0.            0.            0.
      0.           60.70340729    0.            0.            0.            0.
      0.            0.        ]
  [   0.            0.           78.25192261    0.            0.            0.
      0.          117.5607605     0.            0.            0.            0.
      0.            0.        ]
  [   0.            0.          194.31748962    0.            0.            0.
      0.           49.53602982    0.            0.            0.            0.
      0.            0.        ]
  [   0.            0.          155.35951233    0.            0.            0.
      0.            0.            0.            0.            0.            0.
      0.            0.        ]
  [   0.            0.          297.44552612    0.            0.            0.
      0.            0.            0.            0.            0.            0.
      0.            0.        ]
  [   0.            0.          441.15042114    0.            0.            0.
     51.83159256   71.04663086    0.            0.            0.            0.
      0.            0.        ]]

 [[   0.            0.            0.            0.           48.30288696
      0.            0.            0.            0.            0.            0.
    108.239151      0.            0.        ]
  [   0.            0.           53.41566849    0.            0.            0.
      0.            7.43879843    0.            0.            0.            0.
      0.            0.        ]
  [   0.            0.            0.88332826    0.            0.
     19.35408211    0.          266.29782104    0.            0.            0.
      0.            0.            0.        ]
  [   0.            0.            0.            0.            0.
     34.18931961    0.          291.19607544    0.            0.            0.
      0.            0.            0.        ]
  [   0.            0.           70.89485931    0.            0.
    263.39373779    0.          325.97323608    0.            0.            0.
      0.            0.            0.        ]
  [   0.            0.            0.            0.            0.
    341.25897217    0.          197.4773407     0.            0.            0.
      0.            0.            0.        ]
  [   0.            0.          190.01278687    0.            0.
     89.20677185    0.          148.81358337    0.            0.            0.
      0.            0.            0.        ]
  [   0.            0.          168.32421875    6.60084629    0.
     13.45743179    0.          260.10760498    0.            0.            0.
      0.            0.            0.        ]]

 [[   0.            0.            0.            0.            0.
    254.01821899    0.            0.            0.            0.            0.
      0.            0.            0.        ]
  [   0.            0.           26.6078701   167.63615417    0.
    241.87173462    0.            0.            0.            0.            0.
      0.            0.           19.67027664]
  [   0.            0.          145.75474548   67.9176178     0.
    237.68334961    0.          134.16577148    0.            0.            0.
      0.            0.            0.        ]
  [   0.            0.            3.45357704  105.58152008    0.
    180.14405823    0.          182.13285828    0.            0.            0.
      0.            0.            0.        ]
  [   0.            0.           47.38360977  107.00372314    0.
    276.92877197    0.          145.34461975    0.            0.            0.
      0.            0.            0.        ]
  [   0.            0.           13.48970318    0.            0.
    325.30947876    0.            6.45489454    0.            0.            0.
      0.            0.            0.        ]
  [   0.            0.          138.54066467    0.            0.            0.
      0.            0.            0.            0.            0.            0.
      0.            0.        ]
  [   0.            0.           45.16585922   88.22860718    0.            0.
      0.          136.11253357    0.            0.            0.            0.
      0.            0.        ]]]
