[[[ 122.11289215 -150.63934326 -173.6807251  -361.51794434 -245.02845764
   -250.14160156  129.60865784 -248.391922   -297.99734497 -191.0165863
   -244.97032166 -136.8598175  -435.93087769 -255.06954956]
  [-247.87298584 -270.11688232  204.13122559 -189.78640747 -197.99913025
   -327.79345703  -92.47623444  -67.58164978 -203.34085083 -134.86106873
   -104.40647125 -246.44947815 -629.00457764 -357.91711426]
  [-165.59275818 -368.45095825  252.31044006 -275.82867432 -274.49990845
   -231.6709137   -39.62783051  148.60186768 -366.33428955 -387.46600342
   -118.27642059 -222.80599976 -444.72750854 -449.60180664]
  [-156.42866516 -413.28164673  164.93156433 -418.26193237 -297.12121582
   -249.2374115    -8.27858639   93.53807068 -382.12734985 -370.74383545
   -140.81524658 -179.85696411 -471.80700684 -477.28051758]
  [-166.38088989 -582.28027344  225.39360046 -312.12460327 -267.42062378
   -359.84567261  -95.06799316   34.17294312 -422.2538147  -363.44229126
   -110.08040619 -227.8338623  -488.18173218 -433.95019531]
  [ -55.62793732 -480.32577515  195.28668213 -428.80062866 -207.94186401
   -347.07174683  -65.38345337  -42.76535034 -372.22412109 -538.08654785
    -99.72364044 -430.19198608 -344.41241455 -457.3168335 ]
  [-186.02554321 -351.77203369   59.94171524 -765.05822754 -382.52786255
   -111.60035706  -61.89527893 -131.84671021 -129.11689758 -294.36352539
    -25.0140667  -361.62176514 -324.95922852 -330.93304443]
  [-593.39202881 -313.16931152  358.62667847 -339.65023804 -424.13180542
   -175.86856079 -117.51898193  257.31576538 -329.5489502   -21.79960251
    -63.84873581 -304.3008728  -450.4859314    -6.13428307]]

 [[-109.92893982 -271.31008911  -34.2090416  -464.24124146 -260.78948975
   -209.02896118  -82.43713379 -413.39480591 -324.81896973 -210.90634155
   -314.27590942 -197.46629333 -410.7527771  -283.02767944]
  [-475.32150269 -378.72134399  351.53979492 -253.63778687 -299.99591064
   -172.77287292 -345.35125732 -302.51754761 -350.9284668  -249.07435608
   -169.25071716 -376.42163086 -799.78314209 -450.47125244]
  [-277.73342896 -422.1234436   351.79147339 -271.83996582 -462.80453491
    -43.78373718 -276.38473511  -85.54109192 -471.68170166 -433.86914062
   -146.87658691 -451.42163086 -658.63989258 -611.76049805]
  [-282.18228149 -478.44296265  350.84130859 -381.94906616 -418.82931519
   -132.72914124 -256.35385132 -169.87355042 -459.05935669 -414.36303711
   -192.43598938 -517.45574951 -608.63275146 -575.57623291]
  [-363.65200806 -555.29656982  398.8996582  -272.93115234 -351.77886963
   -197.52748108 -300.5718689  -263.06182861 -480.259552   -412.40634155
    -95.85153198 -556.97686768 -676.7958374  -596.01861572]
  [-186.82568359 -491.46566772  407.06954956 -439.64440918 -396.85452271
   -118.82383728 -320.8989563  -346.24130249 -350.18078613 -460.22613525
   -130.59770203 -638.30889893 -596.4263916  -669.55377197]
  [-185.7286377  -389.01895142  308.46627808 -763.66723633 -513.53405762
   -296.85498047 -268.91308594 -456.92617798 -165.2015686  -288.46130371
   -182.54190063 -615.50915527 -342.20010376 -466.97433472]
  [-491.38217163 -350.35119629  581.70880127 -191.70469666 -400.67617798
   -378.37661743 -269.28668213  -25.19710922 -365.09191895   13.61036205
   -138.33683777 -525.58654785 -427.76071167 -161.84999084]]

 [[-238.0546875  -370.11108398 -153.23773193 -450.61807251 -223.62966919
   -174.525177   -145.34458923 -342.3102417  -558.9197998  -354.68887329
   -276.7166748   -51.3152771  -513.47302246 -333.16345215]
  [-501.90170288 -459.82595825  153.6313324  -152.72573853 -193.13046265
   -138.37522888 -300.89138794 -122.39203644 -530.09893799 -470.57580566
   -168.52935791 -284.02908325 -805.30029297 -412.75582886]
  [-276.73028564 -529.98608398  224.832901   -239.12046814 -414.9609375
    -22.17326355 -455.58349609  168.52403259 -682.59277344 -665.36486816
   -163.75482178 -531.6105957  -624.29406738 -544.63537598]
  [-335.5914917  -398.43139648  273.27404785 -373.38409424 -442.82138062
    -83.57637787 -344.24981689   20.40769196 -630.09295654 -645.02581787
    -94.46372223 -527.94818115 -534.33746338 -617.97875977]
  [-388.4239502  -666.34503174  244.9745636  -241.0927887  -385.96481323
   -118.40205383 -403.20175171  -54.60572052 -701.04943848 -713.78076172
   -105.85025787 -485.16802979 -687.2088623  -569.4831543 ]
  [-264.06430054 -670.58093262  358.99664307 -532.50134277 -396.0930481
   -105.9983902  -428.7538147  -158.7171936  -672.32421875 -898.57745361
   -211.56742859 -567.5637207  -595.76367188 -572.23706055]
  [-234.74559021 -459.33389282  410.19021606 -935.62103271 -727.83868408
   -108.97423553 -357.75769043 -353.59100342 -336.88693237 -679.04217529
   -315.03256226 -658.07720947 -407.37161255 -379.28463745]
  [-558.29589844 -449.32254028  498.51055908 -211.38525391 -528.77252197
   -297.1204834  -161.19161987  130.45211792 -278.20825195 -251.17724609
   -175.25263977 -693.13769531 -521.36328125  -66.89755249]]

 [[-154.01112366 -347.9251709  -206.29411316 -387.23529053 -351.50445557
   -176.46473694 -132.3054657  -329.05429077 -589.05236816 -413.44030762
   -356.2043457  -184.26725769 -637.93676758 -328.81530762]
  [-437.63702393 -412.32498169  101.71417999 -132.5202179  -309.0440979
    -70.13539124 -374.89456177  -84.97537994 -557.14624023 -497.8092041
   -225.32533264 -472.3739624  -865.1116333  -425.27059937]
  [-257.58596802 -468.37985229  190.81660461 -194.67871094 -540.60400391
    -39.73898697 -416.23013306  247.08175659 -698.32373047 -686.3036499
   -308.09674072 -683.1317749  -671.66729736 -570.28192139]
  [-249.22900391 -538.52282715  127.2729187  -293.38064575 -602.86444092
    -23.16097832 -424.18435669  157.37747192 -678.12445068 -627.00964355
   -193.10598755 -587.74078369 -696.21942139 -715.33007812]
  [-413.55453491 -764.29473877   35.36079025 -155.56851196 -508.46511841
   -106.53340149 -462.31277466   74.92221069 -734.66387939 -766.68945312
   -251.28268433 -566.05517578 -843.91717529 -648.25219727]
  [-334.26351929 -751.47827148  269.3894043  -437.66833496 -427.6736145
    -66.25205994 -595.08172607  -57.29634094 -739.76159668 -996.1730957
   -335.4810791  -797.36962891 -701.99761963 -627.84820557]
  [-346.86746216 -505.71633911  263.66558838 -948.27215576 -627.64648438
   -153.11138916 -396.70703125 -243.71669006 -354.04324341 -719.21447754
   -307.62966919 -828.52978516 -398.44934082 -463.25628662]
  [-640.29827881 -385.72366333  444.64471436 -248.30213928 -460.37280273
   -267.82556152 -164.16912842  194.36312866 -366.43249512 -234.69767761
   -171.05714417 -868.8449707  -598.51202393 -188.98477173]]

 [[-153.53430176 -309.51235962 -196.396698   -479.76309204 -293.52026367
   -214.77523804 -159.97486877 -363.15179443 -579.41247559 -488.26898193
   -299.72781372 -168.34413147 -609.9786377  -336.08163452]
  [-540.95855713 -386.87008667  290.39620972 -226.10710144 -242.70648193
   -154.28352356 -274.29550171 -194.15567017 -471.64916992 -526.2746582
   -154.67834473 -460.18548584 -884.47735596 -477.65402222]
  [-341.91082764 -367.62145996  457.91870117 -226.29437256 -593.3694458
     89.57548523 -360.3861084   142.70005798 -674.08483887 -657.39361572
   -117.82653046 -667.33880615 -847.20910645 -656.76220703]
  [-340.56106567 -467.20327759  305.66629028 -280.02896118 -559.93499756
     25.3806057  -409.5753479    94.0675354  -630.02716064 -686.61535645
   -185.59761047 -554.94506836 -802.47894287 -647.89465332]
  [-408.73736572 -593.23504639  285.19485474 -174.67720032 -468.46099854
    -34.57969284 -499.36566162   77.24256134 -858.84118652 -741.72521973
   -219.20274353 -487.82785034 -934.36645508 -657.7723999 ]
  [-397.48605347 -510.21817017  316.97570801 -309.42282104 -380.18991089
    -22.47290611 -683.14355469  -39.44643402 -729.68768311 -937.88659668
   -358.48324585 -620.43554688 -685.21258545 -695.35430908]
  [-347.33544922 -368.38162231  252.47610474 -841.16906738 -608.14355469
   -173.34858704 -440.66741943 -273.23175049 -406.41943359 -677.26446533
   -437.66430664 -719.29681396 -266.2020874  -464.65823364]
  [-571.94024658 -403.31863403  477.809021   -165.42179871 -541.21008301
   -310.96929932  -54.42834091  187.08944702 -332.10192871 -363.5057373
   -223.22010803 -758.83929443 -572.61688232 -215.18487549]]

 [[-293.29846191 -194.53240967  -65.34323883 -484.06460571 -260.1008606
   -234.51742554 -182.2766571  -290.95883179 -536.34942627 -295.73205566
   -262.52233887   31.04018593 -495.9050293  -288.6555481 ]
  [-623.74530029 -441.77856445  286.94747925  -75.99919891 -238.3530426
   -161.98384094 -381.62576294  -52.7936058  -416.25921631 -533.83233643
    -57.74586487 -160.41513062 -801.76281738 -331.3253479 ]
  [-382.1451416  -507.67141724  343.94833374  -99.76516724 -510.59616089
     40.25442886 -426.50860596  304.47531128 -680.60974121 -774.11114502
     -8.19656086 -327.49121094 -743.64587402 -519.3225708 ]
  [-321.78475952 -487.8991394   305.01641846 -160.2208252  -408.11407471
     16.66530609 -435.28097534  166.0617981  -641.06097412 -772.93707275
    -27.20987129 -331.42486572 -679.3482666  -434.51638794]
  [-468.99862671 -678.98199463  334.26477051   51.03307724 -386.50888062
     18.42971992 -413.54483032  137.96607971 -699.19586182 -853.88366699
    -62.81175232 -282.93276978 -876.90985107 -510.32833862]
  [-472.97491455 -693.33880615  348.73883057 -186.45993042 -372.16360474
    196.80552673 -725.0958252     2.20634794 -689.57672119 -961.82751465
   -198.04164124 -506.7923584  -675.22851562 -488.43118286]
  [-313.26977539 -353.47064209  376.94671631 -769.62597656 -592.83685303
    -68.05347443 -494.10412598 -189.12519836 -502.62579346 -611.17071533
   -363.41650391 -583.5536499  -405.82009888 -392.63760376]
  [-434.98608398 -364.40951538  384.42303467  -80.47383881 -542.24969482
    -80.31799316  -32.51355362  150.28793335 -434.61740112 -498.31207275
   -221.14570618 -577.58898926 -607.28216553 -273.9871521 ]]

 [[-249.21342468 -238.40319824    5.03906536 -295.16278076  -59.24206924
     -8.95264339 -187.79032898 -258.99261475 -477.79354858 -166.48449707
   -402.02545166  107.52350616 -448.85980225  -94.51691437]
  [-453.15560913 -440.28909302   69.63117218  -39.99363708 -216.98916626
    132.75302124 -252.43183899   16.76925278 -524.12353516 -450.13452148
   -390.58535767   14.08022118 -462.51541138  -44.89437103]
  [-256.18859863 -542.68096924   47.58683777  -54.04473495 -189.71565247
    190.47212219 -347.00860596  320.29220581 -579.91888428 -628.35925293
   -257.91662598 -133.84008789 -415.24279785 -222.24385071]
  [-306.57556152 -451.31256104  -52.04904938 -102.47946167 -210.4372406
    122.32292175 -370.39224243  172.01112366 -524.46472168 -552.45233154
   -277.5335083  -130.72773743 -501.90466309 -177.3387146 ]
  [-468.9704895  -554.15106201  -85.24003601   88.11344147 -110.94276428
    330.27877808 -409.55969238  143.54737854 -494.4536438  -706.79571533
   -353.09552002 -129.22859192 -527.67462158 -203.57777405]
  [-441.05874634 -572.56433105  -14.59446335 -180.92816162 -194.34155273
    374.74169922 -706.97320557  -67.56411743 -442.48083496 -793.10040283
   -400.49557495 -156.54193115 -342.22189331 -228.70751953]
  [-256.73822021 -565.68151855  176.90132141 -598.30749512 -424.63330078
   -178.34379578 -464.48480225 -269.76971436 -412.61297607 -544.70599365
   -398.51089478 -205.24279785 -161.80506897 -249.02947998]
  [-263.30560303 -600.12145996  180.28526306  -67.83948517 -332.89352417
   -169.63424683 -196.95066833  -18.10513496 -258.54278564 -493.38461304
   -172.57289124 -387.15133667 -342.04083252 -184.24020386]]

 [[-313.70565796 -229.6643219    70.58250427 -113.25559235 -106.53881073
    118.44535065 -330.08377075 -214.57693481 -341.06091309 -276.48754883
   -448.56018066  -62.16514206 -250.03778076  -69.53887939]
  [-406.6065979   -65.4471283   123.26448059   95.48588562 -162.51956177
    154.19503784 -247.67263794  -29.80352592 -396.87158203 -432.56463623
   -395.3722229  -216.50808716 -246.97853088   18.02492142]
  [-203.45336914 -112.30344391   66.34885406   99.4278717  -352.01974487
    148.79736328 -357.4838562   205.22042847 -363.16555786 -381.82983398
   -472.00079346 -417.24926758 -232.16567993 -127.05517578]
  [-225.25128174 -120.24698639   39.91267395   38.64270782 -308.734375
     53.27036285 -367.12008667  208.22683716 -369.29769897 -313.36938477
   -479.35012817 -350.02929688 -225.27268982 -132.59672546]
  [-221.11773682 -215.61381531   52.5391655    -1.14916527 -214.89733887
    178.18772888 -442.04312134  153.34190369 -461.62628174 -409.54223633
   -492.54934692 -434.56747437 -307.38806152 -233.03024292]
  [-319.32369995 -317.17297363   18.8231163  -139.81958008 -116.83925629
    252.40898132 -705.55828857   80.39936829 -597.50244141 -307.97113037
   -549.77398682 -321.07440186 -309.26068115  -84.5497818 ]
  [-204.04676819 -326.41369629  163.86624146 -333.01312256 -323.06890869
     68.80609131 -526.98986816 -185.94801331 -421.9708252  -186.85154724
   -638.53106689 -320.99432373 -256.76837158  -11.27549171]
  [-199.37435913  -80.18820953  127.27531433  -74.72221375 -308.77041626
   -173.67739868 -163.3644104   -84.78746796 -189.26673889 -292.66687012
   -413.52908325 -459.80584717 -377.92611694  -98.22126007]]]
