[[[  9.85853043e+01  -1.02965347e+02  -1.75941330e+02  -4.18280792e+02
    -1.34263184e+02  -3.66220215e+02   2.02979996e+02  -2.68703522e+02
    -3.94592255e+02  -1.50995758e+02  -2.79751556e+02  -6.20416374e+01
    -4.55823303e+02  -3.53714050e+02]
  [ -2.60030975e+02  -2.97546295e+02   8.30755005e+01  -3.10642273e+02
    -1.40915207e+02  -3.42057373e+02  -6.61225204e+01  -2.21023270e+02
    -1.00596832e+02  -1.82124161e+02  -2.11251923e+02  -2.09242035e+02
    -6.64217834e+02  -5.03457520e+02]
  [ -2.76718018e+02  -4.41877441e+02   2.59169830e+02  -4.05432251e+02
    -3.07758911e+02  -1.96578873e+02   2.38590813e+01   1.25938469e+02
    -5.04199585e+02  -5.25660767e+02  -1.26379890e+02  -1.79339813e+02
    -6.52616455e+02  -5.38141296e+02]
  [ -2.19848450e+02  -4.59034088e+02   2.39325775e+02  -4.42311768e+02
    -3.04847961e+02  -1.09147301e+02   4.20728989e+01   5.13060570e+01
    -4.29172180e+02  -5.90415405e+02  -1.40573364e+02  -1.78874146e+02
    -5.51858093e+02  -5.90045166e+02]
  [ -2.43732773e+02  -6.01521912e+02   2.54457565e+02  -3.89343536e+02
    -2.71837494e+02  -3.95831116e+02  -7.51825027e+01  -1.02078056e+02
    -4.45408203e+02  -4.52062683e+02  -2.56281555e+02  -1.59826126e+02
    -5.89957092e+02  -3.64559357e+02]
  [ -1.57225586e+02  -6.24184937e+02   3.30806580e+02  -5.19902283e+02
    -2.91889923e+02  -3.48434631e+02  -2.52928391e+01  -1.56660721e+02
    -3.80554199e+02  -6.16744934e+02  -2.45988571e+02  -3.72486969e+02
    -4.13774078e+02  -4.30257294e+02]
  [ -3.12647400e+02  -4.58030945e+02   9.92619400e+01  -8.82297729e+02
    -4.62130035e+02  -1.12630806e+02  -1.53459152e+02  -3.02450790e+01
    -1.88299576e+02  -5.15733582e+02   2.03107052e+01  -3.38793182e+02
    -3.74585449e+02  -2.97346802e+02]
  [ -6.65539429e+02  -4.24203308e+02   3.94624817e+02  -3.97374573e+02
    -4.80991089e+02  -1.66852402e+02  -1.90743469e+02   3.90244904e+02
    -2.30975494e+02  -1.15187408e+02   7.34329071e+01  -3.04298157e+02
    -4.92129608e+02  -2.73987579e+01]]

 [[ -1.84436249e+02  -3.29033081e+02  -4.52654991e+01  -3.80429352e+02
    -3.17468109e+02  -1.25903412e+02  -1.20238319e+02  -4.56539215e+02
    -3.38310944e+02  -1.96506180e+02  -3.24241486e+02  -1.85343933e+02
    -5.08142212e+02  -3.19962524e+02]
  [ -5.37299866e+02  -4.28419189e+02   2.73607483e+02  -2.68892883e+02
    -3.99629974e+02  -1.08261177e+02  -5.18266296e+02  -4.01656555e+02
    -3.23584259e+02  -2.81277649e+02  -2.93513916e+02  -3.34497314e+02
    -8.31647644e+02  -4.78526855e+02]
  [ -3.67640839e+02  -4.87999542e+02   3.89471222e+02  -3.06211029e+02
    -5.97154602e+02   4.23639107e+01  -3.26692169e+02  -1.94849915e+02
    -4.75622772e+02  -6.29451416e+02  -1.14990486e+02  -4.61345093e+02
    -7.20959290e+02  -7.42047180e+02]
  [ -3.27262421e+02  -5.16480225e+02   3.93732941e+02  -3.24634613e+02
    -5.37781128e+02  -2.18325005e+01  -4.53824646e+02  -1.38400681e+02
    -5.33197144e+02  -4.87045837e+02  -1.71550705e+02  -5.11072388e+02
    -5.27673157e+02  -6.83093140e+02]
  [ -3.92103210e+02  -6.49392334e+02   2.99633575e+02  -2.41303558e+02
    -5.06529694e+02  -8.13362274e+01  -4.47690613e+02  -3.05786407e+02
    -5.00044617e+02  -3.49146698e+02  -2.06498947e+02  -5.06409454e+02
    -6.54238159e+02  -6.96988770e+02]
  [ -2.41470032e+02  -7.29726929e+02   4.77095917e+02  -3.42291809e+02
    -4.41811096e+02  -2.50001621e+01  -5.20663574e+02  -5.29859741e+02
    -3.25651367e+02  -5.52824707e+02  -2.52268127e+02  -6.76727417e+02
    -5.04101868e+02  -5.71585632e+02]
  [ -1.04076874e+02  -6.19184204e+02   3.61800995e+02  -8.59569946e+02
    -5.21070190e+02  -3.20226044e+02  -4.41490021e+02  -4.94695526e+02
    -1.39372055e+02  -3.80402344e+02  -3.68509064e+02  -7.85177368e+02
    -3.56313110e+02  -4.93132172e+02]
  [ -4.01715637e+02  -5.21067871e+02   5.46128967e+02  -2.03997223e+02
    -4.29271698e+02  -3.73600800e+02  -3.96608765e+02  -7.77096100e+01
    -3.53184509e+02  -6.25657806e+01  -2.56007111e+02  -5.92700562e+02
    -3.92924347e+02  -1.99363434e+02]]

 [[ -1.99132919e+02  -3.33045776e+02  -2.27687271e+02  -4.37732941e+02
    -2.66661011e+02  -6.63605347e+01  -2.05588425e+02  -3.17534637e+02
    -6.84387329e+02  -3.65581055e+02  -3.12531006e+02  -1.79573090e+02
    -5.54254456e+02  -2.69397797e+02]
  [ -5.29255737e+02  -3.50130524e+02   1.42660858e+02  -2.30429901e+02
    -3.42412170e+02  -7.34972229e+01  -4.84007812e+02  -6.14127960e+01
    -5.49266174e+02  -5.19773987e+02  -2.32606125e+02  -3.57052765e+02
    -8.05615356e+02  -4.70159180e+02]
  [ -3.53981384e+02  -4.84124084e+02   2.08695892e+02  -2.01431839e+02
    -5.24375488e+02   2.99853401e+01  -4.78002808e+02   2.47251053e+02
    -6.17362366e+02  -8.52438538e+02  -2.24598114e+02  -6.52248657e+02
    -7.72021301e+02  -6.17857056e+02]
  [ -3.48948761e+02  -4.82446198e+02   1.26894440e+02  -3.52447388e+02
    -5.73586365e+02   1.12500778e+02  -5.40155273e+02   2.83199463e+02
    -7.42412659e+02  -6.85222595e+02  -1.81459106e+02  -5.88865173e+02
    -6.91509277e+02  -6.08819092e+02]
  [ -4.05679230e+02  -6.81201233e+02   8.93041458e+01  -2.39442703e+02
    -4.64802032e+02  -3.26032677e+01  -5.55828552e+02   1.15196289e+02
    -8.34853821e+02  -8.56912231e+02  -1.77411972e+02  -5.26305298e+02
    -6.13711365e+02  -5.85018250e+02]
  [ -3.79802338e+02  -6.58515991e+02   2.13038071e+02  -4.44289825e+02
    -3.59024048e+02   6.83142700e+01  -7.62324097e+02  -1.96919765e+01
    -6.11980225e+02  -9.82726257e+02  -2.74592743e+02  -6.32301514e+02
    -6.54762451e+02  -5.72382629e+02]
  [ -2.86039490e+02  -4.89204010e+02   1.98464218e+02  -8.40531738e+02
    -7.80033813e+02  -1.30757208e+01  -5.32730774e+02  -2.38850983e+02
    -4.06705292e+02  -6.26572937e+02  -4.64910370e+02  -8.14349792e+02
    -4.12972290e+02  -4.61861176e+02]
  [ -4.67800507e+02  -4.35727356e+02   4.87461578e+02  -1.70845856e+02
    -6.02058777e+02  -3.10784271e+02  -1.72399399e+02   1.72216125e+02
    -2.74473358e+02  -3.81669006e+02  -2.75586731e+02  -7.96544250e+02
    -4.84645355e+02  -2.17402771e+02]]

 [[ -9.80395050e+01  -2.56941498e+02  -1.67560944e+02  -4.41634857e+02
    -3.12944214e+02  -8.37437515e+01  -3.04090607e+02  -2.56368439e+02
    -6.45561279e+02  -3.53478302e+02  -3.91261963e+02  -9.47504425e+01
    -5.58337036e+02  -2.76176727e+02]
  [ -4.98861145e+02  -3.39262726e+02   9.31625824e+01  -1.68229736e+02
    -1.88724319e+02  -1.11686310e+02  -4.61579437e+02  -1.13242653e+02
    -4.50052490e+02  -5.60248413e+02  -2.33856415e+02  -2.51565445e+02
    -7.78359314e+02  -4.43141327e+02]
  [ -1.95877502e+02  -4.41418793e+02   2.09782043e+02  -1.69569824e+02
    -6.01758911e+02   5.49024315e+01  -4.15620209e+02   3.02647369e+02
    -5.72202271e+02  -8.69312195e+02  -1.82868027e+02  -5.96804016e+02
    -8.06837830e+02  -4.78975006e+02]
  [ -3.05867523e+02  -4.46621704e+02   7.36152420e+01  -2.62464386e+02
    -4.35775726e+02   7.87862253e+00  -4.16800323e+02   2.05654587e+02
    -5.76917542e+02  -7.11276978e+02  -1.24924400e+02  -5.29236633e+02
    -6.84745972e+02  -5.76944336e+02]
  [ -3.74867493e+02  -6.40893311e+02   8.61925125e+01  -1.29351135e+02
    -3.41678741e+02  -6.68237686e+00  -6.04098938e+02   1.53677414e+02
    -7.16715393e+02  -8.39213196e+02  -2.24019394e+02  -4.75802032e+02
    -8.93903137e+02  -5.44879395e+02]
  [ -3.68073517e+02  -6.16214661e+02   1.90394058e+02  -2.64276062e+02
    -4.25089355e+02   5.95396004e+01  -7.27335022e+02   4.87146530e+01
    -6.92268250e+02  -9.67179871e+02  -2.67367340e+02  -5.81676147e+02
    -6.84055725e+02  -4.83319214e+02]
  [ -3.67445679e+02  -4.17952911e+02   2.12702408e+02  -7.59176270e+02
    -5.32474365e+02  -1.70696518e+02  -4.20343750e+02  -1.36923157e+02
    -3.98725006e+02  -7.83077332e+02  -2.59168304e+02  -7.00594421e+02
    -4.05899200e+02  -4.11225403e+02]
  [ -5.18161499e+02  -3.69634186e+02   3.67266357e+02  -1.17042480e+02
    -4.88295471e+02  -2.47594467e+02  -1.82887177e+02   1.67419449e+02
    -3.37245331e+02  -3.63195435e+02  -2.20839691e+02  -7.29387817e+02
    -4.69549591e+02  -2.88260345e+02]]

 [[ -1.67205978e+02  -2.95528198e+02  -8.23078766e+01  -3.74049744e+02
    -3.32312775e+02  -9.95724792e+01  -2.55993668e+02  -3.02608795e+02
    -5.90546448e+02  -2.69636017e+02  -2.68163147e+02  -2.55512238e+01
    -5.69612488e+02  -2.66339203e+02]
  [ -5.72691284e+02  -2.82884430e+02   1.70263931e+02  -5.96475983e+01
    -2.38592117e+02  -4.31185760e+01  -4.47278625e+02  -8.59415665e+01
    -4.51963654e+02  -5.41341858e+02  -1.80726990e+02  -2.65723145e+02
    -8.00892273e+02  -3.72256348e+02]
  [ -2.51758331e+02  -2.26034637e+02   1.96622498e+02  -9.08903961e+01
    -4.70611206e+02   5.69982529e+01  -3.22243835e+02   1.36095886e+02
    -5.76271484e+02  -7.81464111e+02  -1.33367325e+02  -4.92570831e+02
    -7.41165283e+02  -5.98193298e+02]
  [ -2.18450974e+02  -3.39976471e+02   1.15961548e+02  -1.78914642e+02
    -5.12568054e+02   8.89302635e+00  -4.76700317e+02   1.25775948e+02
    -5.93373596e+02  -6.61191162e+02  -7.01563568e+01  -5.17211487e+02
    -6.18444214e+02  -5.88139038e+02]
  [ -3.65588104e+02  -4.84699615e+02   8.78564911e+01  -6.07380981e+01
    -4.22740631e+02   8.78987656e+01  -4.46111084e+02   5.10991898e+01
    -6.80075562e+02  -6.78652344e+02  -1.20544319e+02  -5.37082153e+02
    -8.11698242e+02  -5.25352722e+02]
  [ -4.23683563e+02  -5.47940979e+02   1.55364136e+02  -1.93299240e+02
    -3.26124420e+02   1.05919502e+02  -6.06063843e+02  -8.00921631e+01
    -6.90405762e+02  -7.96973755e+02  -1.99269852e+02  -5.23257751e+02
    -7.45926575e+02  -4.31467621e+02]
  [ -3.07842926e+02  -3.39107269e+02   2.45286575e+02  -8.06805176e+02
    -5.59587463e+02  -5.71526260e+01  -3.82343750e+02  -1.93036926e+02
    -4.34104889e+02  -6.54690796e+02  -4.64660736e+02  -6.43495544e+02
    -3.69347656e+02  -3.41902985e+02]
  [ -4.44112671e+02  -3.13887390e+02   3.23068390e+02  -1.62024170e+02
    -5.36311646e+02  -1.80017990e+02  -1.24054840e+02   1.44147781e+02
    -3.64967377e+02  -3.51477203e+02  -2.33803558e+02  -6.52498657e+02
    -5.30897827e+02  -3.10461121e+02]]

 [[ -2.14341904e+02  -2.25847443e+02  -1.80032852e+02  -3.15044220e+02
    -1.62765656e+02  -9.47759705e+01  -1.82397278e+02  -1.85738007e+02
    -4.68881073e+02  -2.48803528e+02  -2.20498199e+02   4.35862198e+01
    -4.76692261e+02  -2.38125504e+02]
  [ -4.30664398e+02  -2.26912872e+02   1.18742920e+02  -5.47421379e+01
    -2.06784973e+02  -2.16838093e+01  -3.25048981e+02  -7.61370010e+01
    -3.98007385e+02  -5.56181152e+02  -1.82663528e+02  -1.72288467e+02
    -5.66019043e+02  -3.51621643e+02]
  [ -2.50611023e+02  -3.53383362e+02   1.36286667e+02  -7.77387161e+01
    -2.88519989e+02   7.16781464e+01  -3.41223358e+02   1.78352158e+02
    -4.94987946e+02  -6.60688965e+02  -1.16875687e+02  -4.08837708e+02
    -6.09065247e+02  -4.33733154e+02]
  [ -2.40890091e+02  -3.93592651e+02   2.41742764e+01  -1.84062286e+02
    -4.11883911e+02   4.98002739e+01  -3.12742645e+02   1.57762100e+02
    -4.56351929e+02  -5.69789429e+02  -4.66269112e+01  -3.07819977e+02
    -5.59166260e+02  -4.81109741e+02]
  [ -3.11581818e+02  -5.08930817e+02   6.82359390e+01  -1.13787674e+02
    -4.08020874e+02   1.38625061e+02  -3.35101196e+02   5.28614044e+01
    -6.02340088e+02  -7.45098572e+02  -6.81880264e+01  -2.23349823e+02
    -6.86657471e+02  -5.12994080e+02]
  [ -4.17733063e+02  -4.51409149e+02   1.27916306e+02  -1.52742126e+02
    -2.81911224e+02   1.67902527e+02  -5.39684387e+02   3.25508385e+01
    -5.21034180e+02  -7.61031677e+02  -9.00159988e+01  -3.79665680e+02
    -6.20867310e+02  -5.06384521e+02]
  [ -2.59037537e+02  -3.27627533e+02   2.02439804e+02  -5.94293884e+02
    -5.34111023e+02  -6.29955435e+00  -4.38714081e+02  -1.56469315e+02
    -3.14890350e+02  -5.85148438e+02  -3.08697601e+02  -5.12226074e+02
    -2.98515564e+02  -3.74032196e+02]
  [ -3.70116241e+02  -3.35339325e+02   2.00231506e+02  -1.08883636e+02
    -3.86718781e+02  -1.04745941e+02  -2.58739891e+01   9.74130249e+01
    -3.30882446e+02  -4.44536621e+02  -2.17033951e+02  -6.00384583e+02
    -5.37535461e+02  -2.68726898e+02]]

 [[ -1.45753265e+02  -1.91321274e+02  -4.00406990e+01  -2.02628174e+02
    -3.06633034e+01   7.34257078e+00  -1.46140778e+02  -1.22244308e+02
    -3.95608551e+02  -1.02045509e+02  -3.20682312e+02   1.09810333e+02
    -2.89411804e+02  -9.45642014e+01]
  [ -3.05027496e+02  -2.33042816e+02   5.31578674e+01  -6.74427700e+00
    -1.38247574e+02   1.13367180e+02  -2.75284271e+02   6.08952675e+01
    -3.48948639e+02  -4.53714539e+02  -3.05289368e+02  -2.86928997e+01
    -3.32693512e+02  -6.71806564e+01]
  [ -1.39818619e+02  -2.81912231e+02   3.68832588e+01   2.45493679e+01
    -2.23903259e+02   1.08940369e+02  -3.31144989e+02   2.85668213e+02
    -4.02419556e+02  -5.55530334e+02  -2.70254852e+02  -1.58204758e+02
    -3.78624481e+02  -1.95178787e+02]
  [ -1.69969040e+02  -3.23536377e+02  -5.36328602e+00  -5.10275764e+01
    -1.43373642e+02  -9.54272151e-01  -2.73808502e+02   1.19950256e+02
    -3.79561462e+02  -4.40830383e+02  -2.41453796e+02  -9.57857285e+01
    -3.02167847e+02  -1.86234406e+02]
  [ -2.21303406e+02  -4.34231445e+02  -1.09511122e-01  -4.43547325e+01
    -1.07187492e+02   1.41207336e+02  -3.62971100e+02   1.42443466e+02
    -3.91047943e+02  -4.80365082e+02  -3.31495514e+02  -5.47931862e+01
    -4.20007019e+02  -1.67785583e+02]
  [ -3.68190186e+02  -4.70106140e+02  -6.34179268e+01  -1.42282867e+02
    -1.84536194e+02   2.91553436e+02  -6.39185120e+02   1.30366425e+02
    -4.53787231e+02  -6.31882141e+02  -3.70215210e+02  -6.65976715e+01
    -2.91121002e+02  -1.97468796e+02]
  [ -2.37592102e+02  -3.77209930e+02   1.47046936e+02  -4.28368439e+02
    -3.74337799e+02  -5.63016434e+01  -4.73144623e+02  -4.06798401e+01
    -3.62292603e+02  -5.16647095e+02  -2.28663284e+02  -9.30191193e+01
    -6.56515503e+01  -1.42873535e+02]
  [ -2.41207306e+02  -4.17550507e+02   1.31512344e+02  -2.58960094e+01
    -2.21671921e+02  -7.25349655e+01  -1.89950272e+02   8.54593353e+01
    -2.25307037e+02  -4.00379822e+02  -1.53857437e+02  -3.00290466e+02
    -2.71087463e+02  -1.68082962e+02]]

 [[ -1.96273636e+02  -1.42329758e+02   1.35278959e+01  -8.19285431e+01
    -6.03860588e+01   8.95137482e+01  -2.46881790e+02  -1.49947647e+02
    -2.38515060e+02  -1.79035263e+02  -3.36018677e+02  -2.04990292e+01
    -1.74348755e+02  -8.18895874e+01]
  [ -2.40920349e+02  -3.36294861e+01   6.08500290e+00   9.96847763e+01
    -1.49110931e+02   1.46300293e+02  -2.44136459e+02   1.62270012e+01
    -3.08641479e+02  -3.35340576e+02  -2.92339294e+02  -1.85218033e+02
    -1.76816879e+02  -5.33335829e+00]
  [ -1.49489944e+02  -4.22113190e+01  -8.36733055e+00   9.40107651e+01
    -2.75221741e+02   1.93713196e+02  -3.68947632e+02   1.58459946e+02
    -2.50704651e+02  -3.27328247e+02  -3.38460083e+02  -3.13575317e+02
    -2.00040817e+02  -9.05580521e+01]
  [ -2.09837601e+02  -5.12124939e+01  -3.27105904e+01   6.76465073e+01
    -2.38966293e+02   1.25601692e+02  -3.22102814e+02   8.58232346e+01
    -2.60883606e+02  -3.23345490e+02  -2.57978058e+02  -2.66696899e+02
    -2.07343338e+02  -9.80931702e+01]
  [ -1.97968994e+02  -1.56242844e+02  -4.24307785e+01   5.13371925e+01
    -1.57564224e+02   1.87293167e+02  -4.51720398e+02   8.46815262e+01
    -2.59966644e+02  -3.46264282e+02  -3.02283447e+02  -3.64639465e+02
    -2.70385071e+02  -9.49291458e+01]
  [ -3.31475891e+02  -2.60684998e+02  -2.80405388e+01  -4.85215950e+01
    -1.18029945e+02   2.30423111e+02  -5.78299683e+02  -1.80740433e+01
    -4.63878754e+02  -3.43064056e+02  -3.22477875e+02  -3.69912079e+02
    -2.63511383e+02  -9.10468483e+00]
  [ -2.54136444e+02  -2.09229446e+02   7.39257050e+01  -2.05963760e+02
    -2.12786819e+02   3.32715912e+01  -4.13775085e+02  -1.21122658e+02
    -3.62066162e+02  -2.07216034e+02  -4.09142731e+02  -3.44674011e+02
    -1.48590836e+02  -9.77297897e+01]
  [ -1.00586342e+02  -4.74872856e+01   2.23732805e+00   2.25288773e+01
    -1.44649338e+02  -1.14222458e+02  -7.79848480e+01  -2.17904243e+01
    -1.60408554e+02  -1.85267303e+02  -2.53570068e+02  -3.84050201e+02
    -2.45933151e+02  -1.96564957e+02]]]
