[[[  1763.24560547  -5430.06982422 -13155.14160156 -11980.22851562
    -2438.69433594 -13523.62890625  10508.40625     -3341.68334961
    -6703.21679688  19120.8984375   -7682.41064453  -1587.24304199
   -11801.10546875   2557.92236328]
  [ -5286.98974609  -6102.34521484 -14568.03710938  -4225.18603516
    -7053.54101562 -12007.70117188  10712.5078125   -1405.49084473
     -815.80853271   5220.78710938  -7425.42919922 -10430.67773438
      678.72558594   5534.84863281]]

 [[  2014.43554688  -9572.12695312 -12265.61621094  -8599.20410156
    -5371.50097656 -10082.82617188  -3068.22241211 -11565.65332031
   -10740.32910156   5939.30859375 -14647.43066406   5961.90039062
    -7563.09814453   9170.04199219]
  [ -1287.20178223  -8658.22753906  -5101.04882812   -338.76013184
    -9897.55273438 -16555.61914062 -11263.77539062  -3514.97753906
     1006.26794434  -8611.73242188  -9262.88964844    606.36810303
    -4777.24853516   3857.73022461]]]
