[[[  2005.92016602  -5244.69873047 -20018.9296875  -19129.1015625
     -557.58856201 -19837.50390625  13618.34570312  -6113.51757812
    -9601.4921875   24505.7578125   -9290.13867188   1391.5690918
   -16896.05664062   3015.74365234]
  [ -5908.47802734  -6309.99072266 -17408.52539062  -6703.44726562
    -7022.41308594 -15391.421875    11524.7265625   -7798.18115234
      887.4185791    7710.79785156 -10341.18847656 -11473.1015625
     -798.40838623   8236.74316406]]

 [[  1921.11755371  -9581.61425781 -15365.59277344 -13494.49316406
    -5602.46826172 -11372.27050781   -780.96087646 -16288.41015625
   -13210.1015625    7668.13818359 -17247.24609375   7922.234375
   -10093.49804688   9600.42773438]
  [ -2531.92797852 -12948.76855469  -4997.07617188    594.12756348
    -8490.828125   -23143.62109375 -15838.34179688  -5693.41845703
     2181.55419922  -7793.35449219  -9349.11621094  -2896.63623047
    -6523.36083984   3752.93945312]]]
