[[[ 2.33854127 -0.51723439  0.0537627  ..., -0.07350692  1.53686976
    0.44818968]
  [ 0.22171034 -1.03029108 -0.21722692 ..., -0.04329134  2.0619905
   -0.42536142]
  [ 0.67977637 -2.03072166 -2.28057957 ..., -1.67100883 -0.25852114
   -0.16564547]
  ..., 
  [ 0.58720487 -1.20113826 -2.53685784 ..., -1.78814983  1.58089161
    0.75004733]
  [-0.29230517 -0.6623317  -2.15300226 ..., -0.87544626  1.79097712
    1.28065157]
  [-0.70703709 -2.02612734 -2.49167967 ..., -1.56745744  0.15988885
    1.21474361]]

 [[ 2.81400442 -0.62518531  0.56571883 ..., -0.1707885   1.29861796
   -0.03786954]
  [ 0.89311904 -2.18715644  0.1651113  ..., -1.36986268  1.83024824
   -1.41347432]
  [ 2.1515305  -0.42913279 -2.22815871 ..., -0.70329189  0.17309058
   -1.78319168]
  ..., 
  [ 1.61466897 -0.67800111 -3.05204177 ..., -1.9450556   0.15910381
   -1.74273753]
  [ 0.7315802   1.43740952 -2.90575051 ..., -1.16274071  1.40964293
   -1.08834112]
  [ 0.69949389  0.26230818 -4.15352488 ..., -1.32557797 -0.23368105
   -0.64478892]]

 [[ 3.01660585 -1.18806219 -0.84889597 ..., -0.05443607  1.98041272
   -0.64994675]
  [ 0.04454941 -2.2800231  -2.09226656 ..., -2.22868085  2.38812685
   -3.00818467]
  [ 1.9999063  -0.24877268 -4.95380831 ..., -3.46473455  1.06353462
   -2.6026845 ]
  ..., 
  [ 1.1095444  -0.77410507 -6.69435549 ..., -4.13037682 -0.68527824
   -2.31929255]
  [ 0.72290015  1.35402811 -4.93459654 ..., -2.52527237  1.36463511
   -1.93667161]
  [ 0.57043117  0.56475729 -5.89189148 ..., -2.8101151  -0.67032433
   -1.26133108]]

 ..., 
 [[ 4.11298466 -1.28631604 -0.93891054 ..., -0.11015263  2.90547323
   -0.69178784]
  [ 0.45749468  0.2688936  -2.34724379 ..., -1.07029879  4.17483234
   -4.17273045]
  [ 1.40425086  0.7382884  -6.97945356 ..., -3.67252398  0.1951616
   -2.48509121]
  ..., 
  [ 1.45861447 -1.73695207 -5.37325335 ..., -4.36397409  1.29299664
   -2.15740395]
  [ 0.92056602  1.79853964 -5.70575476 ..., -2.95970416  3.06309533
   -1.95398474]
  [ 1.13645947  0.0780087  -8.3929081  ..., -2.73649549  0.99836177
   -2.25696278]]

 [[ 2.84657145 -0.16318724 -0.82611746 ..., -0.16316676  4.15593672
    0.34023696]
  [ 0.2084775   0.80723488 -0.71825206 ..., -0.8501513   4.65041208
   -3.35549212]
  [ 1.92027617  2.35177946 -5.28759956 ..., -2.9349997   2.06583023
   -2.31496096]
  ..., 
  [ 1.24231327  0.21987346 -5.81815672 ..., -3.80257225  3.94572306
   -2.14271164]
  [ 2.03000784  4.94864321 -6.41746378 ..., -1.17779458  4.47087669
   -2.96889687]
  [ 1.63999188  3.02950048 -8.18959427 ..., -2.93522692  0.99584049
   -3.48583746]]

 [[ 1.27860212  0.29885978 -2.31180906 ..., -0.56578469  3.05169129
   -0.31938127]
  [ 0.26863572  1.53078389 -3.55537701 ..., -1.72658169  3.27242708
   -3.27067757]
  [ 2.3082931   2.87509727 -4.98109388 ..., -3.25828981  1.49002814
   -2.78875017]
  ..., 
  [ 1.28657842  2.75776625 -6.36972427 ..., -3.74031949  2.72203898
   -3.83757091]
  [ 3.37863827  5.17647743 -6.17121887 ..., -3.76703477  2.82337832
   -3.5900178 ]
  [ 3.10053468  3.91031265 -6.67536592 ..., -2.01864576  1.16712439
   -3.88576698]]]
