[[[ -1.05148306e+01  -1.31206064e+01  -2.80896416e+01 ...,  -4.72182045e+01
     1.15574846e+01  -5.54398537e+00]
  [  9.03073215e+00  -1.44649200e+01  -1.24561586e+01 ...,  -4.48684082e+01
     5.38651896e+00  -4.71295128e+01]
  [ -1.17000027e+01  -1.53763523e+01  -1.76769066e+01 ...,  -7.90922623e+01
     5.78244877e+00  -5.30703430e+01]
  ..., 
  [ -1.00898991e+01  -2.08590050e+01  -2.26252785e+01 ...,  -8.17831116e+01
     1.32331619e+01  -5.44587784e+01]
  [ -1.88952410e+00   2.82737541e+01   7.19123006e-01 ...,  -6.16535110e+01
     1.74612656e+01  -4.38080635e+01]
  [  1.50655575e+01  -8.61013508e+00  -1.10840397e+01 ...,  -4.04836807e+01
     9.10163021e+00  -4.68904572e+01]]

 [[ -3.07146587e+01  -1.54762392e+01  -5.75357208e+01 ...,  -5.80907822e+01
     2.70897789e+01  -2.36132374e+01]
  [ -1.16891947e+01  -2.26642399e+01  -3.83519516e+01 ...,  -5.93049240e+01
     3.24713440e+01  -8.19260559e+01]
  [ -1.93361549e+01  -1.82189674e+01  -3.87326126e+01 ...,  -7.60762100e+01
     2.66656361e+01  -7.71891403e+01]
  ..., 
  [ -2.00358582e+01  -3.48027534e+01  -4.80362587e+01 ...,  -7.16957016e+01
     1.79188614e+01  -6.89675369e+01]
  [ -5.78206253e+00   2.51931877e+01  -2.08324871e+01 ...,  -4.40290222e+01
     2.05531139e+01  -4.53401451e+01]
  [  5.95150255e-02  -1.58437834e+01  -2.50083961e+01 ...,  -2.30797977e+01
     9.57158661e+00  -4.50741920e+01]]

 [[ -2.78798866e+01  -3.01838951e+01  -4.16694069e+01 ...,  -6.30641060e+01
     2.70046639e+00  -2.30400181e+01]
  [ -6.37941170e+00  -1.67022610e+01  -3.77532043e+01 ...,  -7.95397415e+01
     1.68334541e+01  -7.76439667e+01]
  [ -1.18112869e+01  -1.35036993e+01  -3.75157967e+01 ...,  -6.60588226e+01
     1.50713596e+01  -7.03977890e+01]
  ..., 
  [ -7.72057962e+00  -2.43547077e+01  -5.30341530e+01 ...,  -6.15248032e+01
     1.82576103e+01  -5.99388275e+01]
  [  9.40668964e+00   2.99153023e+01  -1.31213312e+01 ...,  -3.61968536e+01
     2.84623146e+01  -2.73837795e+01]
  [  1.81706924e+01   1.72087014e+00  -1.56861610e+01 ...,  -2.76509724e+01
     1.52275009e+01  -2.56278210e+01]]

 ..., 
 [[ -4.08411560e+01  -3.81638985e+01  -4.61271744e+01 ...,  -6.38225594e+01
     1.52754965e+01  -2.52456341e+01]
  [ -1.16568403e+01  -3.31159706e+01  -2.77750969e+01 ...,  -8.26351624e+01
     1.43675470e+01  -1.13588791e+02]
  [ -3.12063103e+01  -1.33689671e+01  -3.31091080e+01 ...,  -6.49163589e+01
     1.17833433e+01  -7.11730576e+01]
  ..., 
  [ -3.35088310e+01  -3.75374146e+01  -6.32144089e+01 ...,  -5.12259102e+01
     1.35783215e+01  -7.96891022e+01]
  [  9.40804958e+00   1.32026596e+01  -1.80688305e+01 ...,  -2.30122185e+01
     3.94341545e+01  -3.26076164e+01]
  [  1.98029900e+01  -6.25255823e+00  -2.51734200e+01 ...,  -2.16846828e+01
     3.46439896e+01  -2.80374851e+01]]

 [[ -3.20462265e+01  -2.60821686e+01  -3.14677124e+01 ...,  -4.43791809e+01
    -2.72794217e-02  -2.70874386e+01]
  [ -1.24033031e+01  -3.28787804e+00  -2.01318035e+01 ...,  -5.38184013e+01
    -1.06288528e+00  -9.25080338e+01]
  [ -1.57633905e+01   1.52295475e+01  -2.28157349e+01 ...,  -2.32815533e+01
     2.65979934e+00  -5.51708984e+01]
  ..., 
  [ -1.34098101e+01  -1.40308847e+01  -1.54882994e+01 ...,  -1.09223995e+01
     9.44003677e+00  -6.64095535e+01]
  [  1.87616615e+01   7.47466135e+00   1.28124008e+01 ...,   1.89588432e+01
     4.05977554e+01  -2.36485176e+01]
  [  1.42713490e+01   1.77621956e+01  -1.57889545e+00 ...,   1.04582653e+01
     2.22349186e+01  -6.42987680e+00]]

 [[ -1.94800591e+00  -2.52485600e+01  -1.50701466e+01 ...,  -2.08272457e+01
    -6.65483773e-01  -1.10654268e+01]
  [  4.94510889e+00  -8.88284874e+00  -8.80778790e+00 ...,  -3.51475677e+01
     9.60814476e+00  -4.06404762e+01]
  [  1.30031037e+00  -4.78678703e+00  -1.42835417e+01 ...,  -1.55897021e+00
     4.99261856e+00  -1.46133757e+01]
  ..., 
  [ -1.16790829e+01  -1.59009180e+01  -2.34931278e+01 ...,   8.59398746e+00
     5.04846096e+00  -9.22064590e+00]
  [  1.55119791e+01  -2.24598484e+01  -1.42380142e+00 ...,   2.73048038e+01
     2.56194992e+01   1.91818962e+01]
  [  1.62230473e+01  -1.76542985e+00  -5.88833570e-01 ...,   8.73689365e+00
     2.00019302e+01   3.18793011e+01]]]
