[[[  1.03218555e+00  -1.54819950e-01   8.45188275e-02 ...,   4.69595045e-02
     7.87747622e-01   2.41809160e-01]
  [  9.23890769e-02  -3.09288144e-01   3.36017966e-01 ...,  -4.89642285e-02
     1.05662644e+00   1.89602152e-01]
  [ -2.02860124e-02  -6.24011099e-01  -9.14232194e-01 ...,  -6.19215190e-01
     4.85184699e-01   2.36046791e-01]
  ..., 
  [  1.48285896e-01  -5.82933426e-01  -8.64195347e-01 ...,  -4.49881107e-01
     2.65415519e-01   7.32308775e-02]
  [ -1.29080132e-01  -1.23809636e-01  -7.46722341e-01 ...,  -4.17414010e-01
     5.22877514e-01   3.84359986e-01]
  [ -7.39129335e-02  -6.65200949e-01  -8.08207214e-01 ...,  -3.74977022e-01
     1.63457152e-02   3.78881186e-01]]

 [[  1.01989198e+00  -1.34248678e-02   1.98867574e-01 ...,  -4.99518104e-02
     7.13642120e-01   1.30315468e-01]
  [  2.01041237e-01  -7.83389956e-02   9.84492525e-02 ...,  -2.79735953e-01
     8.84788156e-01  -2.92960197e-01]
  [  5.15463293e-01  -9.76508541e-04  -8.41314793e-01 ...,  -8.23014498e-01
     2.89435953e-01  -1.30326837e-01]
  ..., 
  [ -2.11510226e-01  -7.75259972e-01  -2.53815079e+00 ...,  -2.07939935e+00
    -2.07536435e+00  -8.76946673e-02]
  [  9.00808990e-01  -1.23683119e+00   4.23115045e-01 ...,  -1.78978398e-01
    -1.73966542e-01  -1.81797743e-01]
  [  1.16917960e-01  -5.40579796e-01  -2.04430079e+00 ...,  -5.25344908e-01
     2.81758815e-01   3.55887115e-02]]

 [[  1.00700998e+00  -4.85831022e-01  -4.41465557e-01 ...,  -1.05906181e-01
     5.53677320e-01  -4.32108611e-01]
  [  9.10073705e-03  -1.07864022e-01  -1.37306726e+00 ...,  -3.27061474e-01
     7.16069937e-01  -1.77348399e+00]
  [  6.38288617e-01   2.02028140e-01  -2.46413088e+00 ...,  -1.33493388e+00
    -3.93824965e-01  -1.41020787e+00]
  ..., 
  [  4.83233005e-01  -1.86187232e+00  -3.64573431e+00 ...,  -1.69596076e+00
    -8.89513671e-01  -2.29926157e+00]
  [  9.49501455e-01   1.00210500e+00  -4.70068645e+00 ...,  -5.90757132e-01
    -1.84613373e-02   6.37738585e-01]
  [ -6.81514204e-01  -1.17064464e+00  -1.99376929e+00 ...,  -1.63340223e+00
     1.83575116e-02   2.15569288e-01]]

 ..., 
 [[  1.93653607e+00  -8.33027363e-01  -3.09213448e+00 ...,   1.15144171e-01
     2.86704731e+00  -8.07895482e-01]
  [ -1.56408131e+00   3.86771299e-02  -5.14244890e+00 ...,  -1.96942174e+00
     3.30110383e+00  -4.89298010e+00]
  [  5.57937980e-01   1.53079772e+00  -8.31524277e+00 ...,  -4.91498184e+00
    -1.72196656e-01  -3.72309232e+00]
  ..., 
  [  2.81290531e+00   5.90556622e-01  -1.18708525e+01 ...,  -6.90916300e+00
    -2.85917938e-01  -5.63811541e+00]
  [  2.36997962e+00   4.16687155e+00  -1.02669706e+01 ...,  -4.64065981e+00
     2.13162732e+00  -3.25615263e+00]
  [  1.59244144e+00   1.35071456e+00  -1.23789721e+01 ...,  -4.71648741e+00
    -7.78634520e-03  -2.44047785e+00]]

 [[  1.40966964e+00   4.51104134e-01  -1.24779153e+00 ...,   1.77263990e-01
     2.63525796e+00  -2.51235634e-01]
  [ -1.05541503e+00   5.87336123e-01  -2.01159501e+00 ...,  -1.01638269e+00
     1.86566567e+00  -2.82593465e+00]
  [  5.99271536e-01   6.44785285e-01  -5.08823824e+00 ...,  -3.26032996e+00
    -2.65806466e-01  -2.14815736e+00]
  ..., 
  [  2.60919046e+00   2.13851166e+00  -1.05274038e+01 ...,  -6.50155973e+00
     3.27201724e+00  -3.27827787e+00]
  [  3.01475334e+00   6.79550123e+00  -9.91190529e+00 ...,  -3.19676423e+00
     4.89212561e+00  -2.99005556e+00]
  [  1.84638786e+00   3.33547616e+00  -1.03797598e+01 ...,  -4.35359621e+00
     6.42555833e-01  -3.35208368e+00]]

 [[  9.18698907e-01   1.19640388e-01  -1.58745742e+00 ...,   1.26812235e-01
     1.90606713e+00  -6.70553625e-01]
  [ -5.96998453e-01   7.89344370e-01  -2.84361577e+00 ...,  -7.34561086e-01
     1.48451829e+00  -2.97528005e+00]
  [  1.12797230e-01   1.09078395e+00  -4.10148191e+00 ...,  -2.66442299e+00
    -1.05812478e+00  -1.76524854e+00]
  ..., 
  [  2.90651441e+00   4.99634933e+00  -8.79011917e+00 ...,  -6.64213848e+00
     1.99569988e+00  -4.25992966e+00]
  [  5.37345791e+00   7.24632549e+00  -7.87819195e+00 ...,  -4.57714033e+00
     3.98414731e+00  -4.42447186e+00]
  [  4.29367971e+00   5.28791904e+00  -8.04085064e+00 ...,  -2.19296122e+00
     1.78267539e+00  -4.63323164e+00]]]
