[[[ 3.28554535 -0.6261704   0.12368178 ..., -0.11287736  2.29344773
    0.72694039]
  [ 0.19928412 -1.02605486  0.5942111  ..., -0.27354935  3.21308994
    0.34808412]
  [ 0.45958471 -2.06037688 -2.95116043 ..., -2.03512096  1.46574092
    0.73253548]
  ..., 
  [ 0.265414   -1.87119901 -3.03288579 ..., -1.97572708  1.174196
    0.65491301]
  [-0.5693801  -0.48464805 -2.36011887 ..., -1.45187891  2.00593257
    1.56017506]
  [-0.56111735 -2.1095736  -3.12578177 ..., -1.43832028  0.26100367
    1.1388557 ]]

 [[ 3.71136498 -0.63098782  0.81125361 ..., -0.33460733  1.95830274
    0.14490826]
  [ 0.55348486 -0.69868714  0.33762261 ..., -1.12440217  2.55305457
   -1.37244058]
  [ 1.85759282 -0.37324855 -3.2093935  ..., -2.58847427  0.52942687
   -0.97512889]
  ..., 
  [ 1.03074574 -0.31033731 -3.82263875 ..., -2.91622329  0.06520686
   -0.84332711]
  [ 0.9712522   1.1501745  -2.69822574 ..., -1.03505266  1.77738178
   -0.66892052]
  [ 0.60884541  0.35087508 -4.47870398 ..., -1.41946673  0.12730384
   -0.58288932]]

 [[ 3.41096759 -1.17831445 -1.4341594  ..., -0.18672654  2.66058517
   -0.72167408]
  [-0.35716096 -0.19020401 -2.96184325 ..., -1.52700603  3.41096258
   -4.28224373]
  [ 1.61535096  0.65672904 -7.42335463 ..., -4.29852152  0.13176192
   -3.085078  ]
  ..., 
  [ 0.98627388 -0.17477694 -6.50756311 ..., -4.33086538 -0.51879746
   -2.92021728]
  [ 1.33290684  2.18677735 -6.83258533 ..., -2.9172194   0.68914694
   -1.56456733]
  [ 0.80603081  0.75889659 -6.29563761 ..., -2.69092059 -0.13494883
   -1.54748118]]

 ..., 
 [[ 3.33620548 -0.3719123  -2.40793943 ..., -0.52494031  3.79613233
   -0.81399292]
  [-0.48778531  1.00591433 -3.02709961 ..., -1.94132137  4.60659647
   -5.34013128]
  [ 2.4680388   3.27246141 -8.05644512 ..., -5.75302601  0.09836584
   -3.0889864 ]
  ..., 
  [ 1.87818122  2.62832355 -7.58831644 ..., -4.01310778 -1.37546206
   -5.20773554]
  [ 2.57068253  4.36634016 -7.33253098 ..., -2.7189362  -0.20555772
   -4.78308582]
  [ 2.03147435  3.7804327  -7.0355525  ..., -2.8578496  -0.65147203
   -4.02387524]]

 [[ 1.87573612 -0.7632587  -1.87386405 ...,  0.08983888  2.21090245
   -0.95175445]
  [-0.71444428  0.58756423 -3.26920199 ..., -1.33860207  2.38383722
   -5.70298672]
  [ 1.84218991  3.41559792 -7.00655413 ..., -4.28233099 -0.88629073
   -4.65890646]
  ..., 
  [ 0.78031391  1.9463762  -7.31395578 ..., -3.91468859  0.30337369
   -2.73480892]
  [ 1.20063376  2.69201541 -6.05226326 ..., -2.93987918  0.32202774
   -2.33638239]
  [ 1.05610204  1.81925273 -5.40566874 ..., -2.48930812 -0.09589189
   -2.28217673]]

 [[ 0.5089826   0.06097962 -3.05676246 ...,  0.10192554  1.98227155
   -1.26319265]
  [-0.88415176  1.21599495 -4.62720203 ..., -1.38016951  2.14419937
   -4.16177034]
  [ 1.16188657  2.31750464 -6.25564194 ..., -2.97781563  0.03950558
   -2.75564003]
  ..., 
  [ 1.18342078  1.34068859 -2.80704594 ..., -2.0359993   0.31125447
   -1.59055662]
  [ 1.56854868  2.06845045 -2.39309835 ..., -1.32798409  0.70964062
   -1.85537243]
  [ 1.25275648  1.84775567 -2.35345197 ..., -0.97769189  0.11576323
   -1.67942822]]]
