[[[    0.             0.           210.2086792      0.           525.16320801
       0.           635.88354492     0.             0.            73.46346283
     938.61279297   135.3661499     42.75227737     0.        ]
  [  159.54333496     0.           128.63890076     0.           166.08087158
       0.           804.9831543      0.             0.             0.
    1074.7154541    521.32177734     0.             0.        ]
  [   79.85644531     0.           473.60919189    10.65019321
     426.65063477     0.           769.10845947     0.             0.
       0.           955.06384277   577.8737793      0.            17.6350956 ]
  [  125.14699554     0.           401.59231567     0.           324.54718018
       0.           760.0869751      0.             0.             0.
     949.34899902   601.62750244     0.             0.        ]
  [   20.68766403     0.           376.6867981      0.           409.16134644
     225.01397705   675.11230469     0.             0.             0.
     949.22296143   623.0602417      0.             0.        ]
  [   32.4036026      0.           270.25848389   120.06659698
     522.35443115   328.01101685   767.34747314     0.             0.
       0.           962.14923096   406.70593262     0.            92.92142487]
  [  212.95254517     0.             0.            22.02985191
     290.87261963   222.09654236   317.57086182     0.             0.
     269.35638428   695.88812256   275.81604004     0.             0.        ]
  [  361.67419434     0.            20.91530991     0.            77.18553925
     437.51773071   523.72827148    33.61473083     0.             0.
     160.73052979   521.13659668     0.           257.76062012]]

 [[    0.             0.           275.16427612     0.           509.9855957
       0.           965.4520874    110.17943573     0.           266.19439697
     744.54711914   528.52435303     0.             0.        ]
  [   28.52620125    86.63770294     8.3950386      0.           205.07951355
     228.65789795  1029.43188477     7.87264156     0.           115.28125
     687.96105957   802.61816406     0.             0.        ]
  [    0.            26.78648949    75.99095154    88.11183167
     460.35296631   528.12432861   886.00933838     0.             0.
      92.06000519   370.71340942  1130.9317627      0.             0.        ]
  [    0.             0.           125.99680328    66.38312531
     523.15002441   441.6965332    764.72174072     0.             0.
      70.11526489   404.02584839  1088.90722656     0.             0.        ]
  [    0.            61.94803619    42.35978317     0.           609.79449463
     652.56439209   844.02563477     0.             0.             0.
     509.4074707   1220.93151855     0.             0.        ]
  [    0.             0.             0.           108.64984131
     743.0480957    848.43438721   790.08477783    54.01325607     0.
      15.74926376   445.41204834   974.79101562     0.             0.        ]
  [    0.             0.             0.           282.51422119
     457.08349609   365.20581055   125.50354004     0.             0.
     146.52252197     9.55498505   751.27972412     0.             0.        ]
  [  119.68012238     0.             0.            44.22633743
      73.48667145   481.38769531    57.77331924     0.             0.
       0.             0.           780.03100586     0.             4.03620958]]

 [[    0.             0.           505.58059692     0.           557.94567871
       0.           644.34667969   183.67115784     0.             0.
     911.19720459   633.12756348     0.             0.        ]
  [    0.             0.           417.30209351     0.           324.59173584
     113.59914398   617.94616699     0.             0.             0.
     552.15533447  1070.3614502      0.             0.        ]
  [    0.             0.           207.1007843    132.76737976
     547.92272949   162.5111084    460.49307251     0.             0.
       0.           324.55505371  1105.3203125      0.             0.        ]
  [    0.             0.           183.52713013   193.46737671
     588.60534668   283.86428833   489.14932251     0.             0.
       0.           316.03948975  1027.84350586     0.             0.        ]
  [    0.             0.           200.47415161    74.01605225
     715.59893799   402.6645813    388.80117798     0.             0.
       0.           445.3868103   1041.52478027     0.             0.        ]
  [    0.             0.             0.           230.40515137
     903.10095215   596.75238037   430.66912842     0.             0.
       0.           513.72143555   948.25891113     0.             0.        ]
  [    0.             0.             0.           265.23358154
     829.06072998    98.17965698     0.             0.             0.
       0.           194.23600769   526.08544922     0.             0.        ]
  [    0.             0.             0.             0.           104.59134674
      51.79370499     0.             0.            87.96577454     0.
       0.           462.38244629     0.             0.        ]]

 [[    0.             0.           481.05404663     0.           672.6295166
       0.           634.14221191    71.79950714     0.             0.
    1010.97705078   527.17718506     0.             0.        ]
  [    0.             0.           515.49536133     0.           393.08441162
     279.8861084    742.59820557     0.             0.             0.
     801.1763916    953.76629639     0.             0.        ]
  [    0.             0.           502.68652344   205.17539978
     457.50796509   229.87431335   629.85650635     0.             0.
       0.           545.32318115  1077.89526367     0.             0.        ]
  [    0.             0.           427.22265625   151.33712769
     506.88415527   432.39767456   655.6048584      0.             0.
       0.           548.40612793  1125.39355469     0.             0.        ]
  [    0.             0.           425.67276001    54.40455627
     598.15606689   549.49664307   640.06268311     0.             0.
       0.           632.33776855  1130.64880371     0.             0.        ]
  [    0.             0.           175.44033813   221.20445251
     844.84759521   512.4989624    521.75604248     0.             0.
       0.           762.96868896   903.87536621     0.             0.        ]
  [    0.             0.             0.           309.11828613
     777.57421875   227.18322754    64.28263855     0.             0.
       0.           308.04095459   523.14672852     0.             0.        ]
  [    0.             0.             0.             0.             0.
     216.11387634   135.89877319     0.           193.79310608     0.
       0.           448.10150146     0.             0.        ]]

 [[    0.             0.           222.31628418     0.           745.04614258
       0.           611.95678711     0.             0.             0.
    1069.57165527   833.79089355     0.             0.        ]
  [    0.             0.             0.             0.           443.79660034
     363.85424805   760.57861328     0.             0.             0.
     849.07739258  1294.52124023     0.             0.        ]
  [    0.             0.            75.72722626     0.           613.43988037
     465.42352295   669.90118408     0.             0.             0.
     492.27792358  1286.07312012     0.             0.        ]
  [    0.             0.            88.80017853     5.17955303
     695.5526123    411.42153931   658.88195801     0.             0.
       0.           575.80767822  1391.390625       0.             0.        ]
  [    0.             0.           146.23820496     0.           723.59411621
     518.45892334   658.58795166     0.             0.             0.
     605.57104492  1463.93676758     0.             0.        ]
  [    0.             0.             0.            68.27883148
     999.38092041   628.13842773   787.11071777     0.             0.
       0.           691.74908447  1285.89587402     0.             0.        ]
  [    0.             0.             0.           242.07832336
     913.96313477   204.27238464   204.49357605     0.             0.
       0.           195.76254272   830.38452148     0.             0.        ]
  [   24.3018074      0.             0.             0.           135.68395996
     235.83325195   139.3180542      0.           215.43595886     0.
       0.           502.33233643     0.            72.2585144 ]]

 [[    0.             0.           233.32489014     0.           732.88299561
      21.28355598   727.62768555   300.9927063      0.             0.
    1054.0871582    625.58221436     0.             0.        ]
  [    0.             0.            45.61740112     0.           387.60681152
     297.59683228   797.59960938   139.35147095     0.             0.
     995.87304688  1161.24084473     0.             0.        ]
  [    0.             0.           156.28152466     0.           575.44677734
     267.15600586   787.57427979   223.11134338     0.             0.
     653.0279541   1021.26092529     0.             0.        ]
  [    0.             0.           153.32470703     0.           655.07244873
     368.35812378   624.17321777   293.74127197     0.             0.
     776.07733154  1022.69915771     0.             0.        ]
  [    0.             0.            83.78842163     0.           682.36920166
     411.38830566   607.9942627    308.25158691     0.             0.
     711.47015381  1108.9296875      0.             0.        ]
  [    0.             0.             0.           117.27254486
     913.20440674   651.53808594   635.887146     121.56014252     0.
       0.           781.3671875   1064.25268555     0.             0.        ]
  [  178.0302887      0.             0.           234.19155884
     873.19604492   114.93855286   249.70272827     0.             0.
       0.           490.54348755   577.76989746     0.            39.98237991]
  [  207.99325562     0.             0.             0.           163.72425842
      80.4402771    214.05628967     0.            55.83839035     0.
       0.           426.75497437     0.           223.94354248]]

 [[    0.             0.           535.29370117     0.           610.38745117
     232.82022095   903.30957031   610.36529541     0.             0.
     552.14050293   368.11050415     0.           172.45608521]
  [    0.             0.           727.34069824     0.           434.96472168
     293.01062012   841.26531982   582.82958984     0.             0.
     727.41052246   738.32617188     0.             0.        ]
  [    0.             0.           824.05493164   193.50926208
     242.35041809   343.31207275   880.16082764   303.5970459      0.
       0.           647.34991455   580.83654785     0.             0.        ]
  [    0.             0.           903.38171387   156.94987488
     308.0748291    466.94610596   756.02056885   362.0345459      0.
       0.           673.66790771   675.92529297     0.             0.        ]
  [    0.             0.           798.85943604   259.12744141
     351.51586914   609.85229492   773.81695557   405.06552124     0.
       0.           587.58203125   575.47827148     0.             0.        ]
  [    0.             0.           574.48657227   469.88909912
     637.62036133   588.27850342   705.46368408   188.53813171     0.
       0.           776.37011719   769.26831055     0.             0.        ]
  [    0.             0.           335.70388794   324.96127319
     639.87866211     0.           310.74685669     0.             0.
       0.           678.43408203   309.07333374     0.             0.        ]
  [    0.             0.           253.16740417     0.             0.
       0.           219.45497131     0.             0.             0.
     375.18557739     0.             0.             0.        ]]

 [[    0.           311.73651123   161.59002686     0.           145.03079224
     301.45162964   417.18707275   358.72042847     0.             0.
     299.57733154   513.53875732     0.            24.39170265]
  [    0.           238.86907959   269.42440796   115.56531525
      81.70107269   313.15249634   210.21144104   311.43197632     0.
       0.           259.46902466   748.49517822     0.             0.        ]
  [    0.            30.17515755   193.01435852   138.3706665      0.
     247.45684814   286.90628052     0.            25.3146534      0.
      41.33111572   759.34490967     0.             0.        ]
  [    0.            41.04636765   216.10269165   115.01187134     0.
     358.33883667   267.55474854     0.            15.33918381     0.
     225.51887512   841.46691895     0.             0.        ]
  [    0.            61.69123077   225.16796875   239.54632568     0.
     413.35452271   262.63995361     0.             0.             0.
     204.71772766   834.68359375     0.             0.        ]
  [    0.             0.             2.89971948   323.12948608
     255.66304016   462.36837769   436.89929199     0.            65.47171021
       0.           373.58883667   884.52020264     0.             0.        ]
  [    0.             0.             0.           265.92218018
     428.74752808    58.6792717     88.31534576     0.             0.
       0.           142.1892395    536.75964355     0.             0.        ]
  [    0.             0.             0.             0.             0.
       0.            11.20345306     0.           216.14804077     0.
      11.81565285    13.23430443     0.             0.        ]]]
