[[[  1728.42285156  -4080.53320312 -15886.56347656 -15048.91992188
     -853.51843262 -15830.2265625   10769.53125     -3639.25366211
    -5738.95849609  21264.96679688  -7550.80566406    319.77832031
   -11977.91503906   3225.03076172]
  [ -5796.94433594  -7073.63476562 -14387.80371094  -6672.59521484
    -6295.08398438 -13577.08496094  11314.93554688  -4151.23242188
     -184.29376221   6982.52587891  -9046.94238281 -10968.86914062
     -627.40838623   7304.33007812]]

 [[   474.41989136  -8974.48242188 -11901.65820312 -10352.91992188
    -4095.91577148 -11372.66796875   -582.60534668 -12857.11035156
   -11066.17871094   6868.02441406 -15136.85253906   6916.44921875
    -7904.81494141   8877.67675781]
  [ -2279.18652344 -10433.60742188  -4736.39501953   -297.2611084
    -7141.78613281 -19019.87304688 -12942.64160156  -5960.57519531
     2319.72460938  -6444.0390625   -8700.625        -917.03808594
    -5718.67626953   3863.75952148]]]
