[[[ -20.0019989    -6.7241931   -39.7694397  ...,  -62.55321121
     -1.4993515    -6.23957396]
  [  -3.12533927  -33.47293472  -24.65417671 ...,  -78.20335388
    -14.15882206  -60.42079163]
  [ -17.32461739  -22.02686882  -21.3305645  ..., -111.47403717
    -14.22302914  -72.35187531]
  ..., 
  [ -15.26017857  -31.20802307  -26.80431175 ..., -116.42950439
      0.70302629  -70.79523468]
  [  -5.61840868   48.74694824   -0.37322408 ...,  -93.19506073
      4.35992289  -48.03051376]
  [  16.04140282   -3.46422052   -9.19939804 ...,  -43.39987183
      9.22859669  -54.66951752]]

 [[ -27.52462959    4.75860596  -76.56027222 ...,  -71.76156616
     23.91107559  -28.39759636]
  [   0.72077131  -28.823843    -58.75805283 ...,  -90.47161102
     10.67250443 -117.47114563]
  [ -14.48624802  -27.89120865  -64.62324524 ..., -114.94068909
     10.55073833 -114.18802643]
  ..., 
  [ -27.48609543  -47.217659    -70.27905273 ..., -102.56840515
     24.28669357  -98.24917603]
  [  -9.65236664   49.52019882  -15.25897789 ...,  -52.80940247   32.646698
    -40.81650925]
  [  10.88756752  -16.38693047  -13.99946213 ...,  -12.97618961
     20.58200645  -45.00683212]]

 [[ -26.7691803   -22.96183968  -42.77756119 ...,  -67.04450226
     14.33788204  -19.11526489]
  [  -1.29001606  -44.65148163  -33.35400772 ...,  -98.47831726
      9.10928917 -115.00081635]
  [  -6.11456394  -36.01044083  -49.1543808  ..., -100.64292145
     -3.27515697  -92.58682251]
  ..., 
  [ -14.02245998  -54.0262146   -68.03281403 ...,  -78.29101562
     12.41730309  -74.80747223]
  [  18.05446053   29.08201981  -15.7689743  ...,  -34.30954742
     36.65201187  -18.53565788]
  [  24.43447304  -14.35966492  -15.52441216 ...,  -11.97106361
     29.37270927  -15.90143776]]

 ..., 
 [[ -25.74440002  -27.33515167  -32.24509048 ...,  -44.89566803
      5.4717207   -21.09183121]
  [  -4.24818087  -29.11278534  -21.84457588 ...,  -66.85779572
     17.1336956   -73.14617157]
  [  -6.73786116  -38.74207687  -32.49917984 ...,  -60.85814285
      6.24177408  -53.82442474]
  ..., 
  [  -9.32245827  -36.75074005  -39.49160385 ...,  -41.9577446    11.7147646
    -47.12389755]
  [  14.79605389   13.11228848  -14.11770535 ...,  -18.79640198
     30.33951569  -15.40915871]
  [  14.61243248   -9.58726406  -17.34513664 ...,  -16.38662148
     25.61981964   -7.55665016]]

 [[ -37.98977661  -24.71579361  -19.99126816 ...,  -34.67088699
     -3.68896461  -19.07932854]
  [ -16.09011459  -14.10444736  -10.81339073 ...,  -37.24823761
      0.66861475  -81.15026855]
  [ -18.25914955    6.10788727  -11.31230545 ...,  -29.40756416
     -5.00882387  -47.93085098]
  ..., 
  [ -24.27359772   -8.60861492  -12.41218281 ...,  -22.67466354
      2.63112688  -56.49965668]
  [   7.5049367    23.52951241   12.99322033 ...,    7.69153404
     23.18514252  -32.03510284]
  [   4.47728777    3.60006452   -0.46747977 ...,    1.23007643
     11.86658192   -6.45703268]]

 [[  -5.96907568  -16.52704239  -15.13831329 ...,  -21.2538414
      2.01889062  -11.38812637]
  [   5.44174433   -1.78619206  -14.82141876 ...,  -30.58926582
      1.00546205  -47.72036362]
  [  -3.63771319    5.5780158   -12.4789629  ...,   -9.01209831
     -2.01422334  -20.04445839]
  ..., 
  [  -9.33316803   -4.84470129  -19.1021843  ...,   -7.43953371
      1.50425196  -26.6601429 ]
  [  11.57558537   11.56338406    9.92407227 ...,   17.70762825
     24.35021019   -5.61206388]
  [  10.16163349    8.92467308   -0.79663676 ...,    8.83191395
     12.6162653    12.00432682]]]
