[[[  1862.93139648  -3766.56152344  -9755.28808594 -11171.54492188
    -1118.23144531 -10675.10449219   7638.59570312  -2398.06518555
    -3625.84521484  15527.97265625  -4863.53857422    784.94622803
    -8452.30175781   1927.17956543]
  [ -3214.28222656  -4274.85449219  -9514.33105469  -2781.19482422
    -5042.67236328  -7776.46728516   7989.36621094  -2551.96508789
      571.37304688   4567.43261719  -7196.01318359  -8944.70898438
     -478.72039795   4674.97216797]]

 [[  1123.08618164  -8665.69140625  -7684.74853516  -6559.48535156
    -2449.54736328  -8572.99804688     81.82312012 -10181.94042969
    -6872.19580078   5276.90771484  -9701.24902344   4816.94042969
    -5530.31884766   6881.49560547]
  [ -2278.52734375  -8320.64550781  -2650.90673828    625.53411865
    -4175.85546875 -13171.13085938  -9540.88867188  -3650.68798828
      952.73608398  -3815.55566406  -6340.90966797  -1200.00048828
    -4653.41113281   3595.66821289]]]
