[[[  3.90209198e+00  -9.78849947e-01   7.62831569e-01 ...,  -6.25967324e-01
     3.06678677e+00   1.36579430e+00]
  [  1.00792098e+00  -1.00083435e+00   1.84091258e+00 ...,   9.52057838e-02
     5.11289120e+00   1.21828449e+00]
  [  6.58147931e-01  -1.25336468e+00  -3.53568816e+00 ...,  -2.10249066e+00
     3.79787111e+00   1.57545531e+00]
  ..., 
  [  3.36615816e-02  -2.13220406e+00  -4.40190220e+00 ...,  -2.91342378e+00
     1.99373007e+00   1.74378562e+00]
  [ -8.23544681e-01  -1.51370013e+00  -2.75801492e+00 ...,  -1.54030657e+00
     1.95838284e+00   2.27975297e+00]
  [ -6.32530689e-01  -3.27576160e+00  -3.19154763e+00 ...,  -1.44972920e+00
     5.80637872e-01   1.06361330e+00]]

 [[  4.18737316e+00  -8.09249103e-01   1.25712919e+00 ...,  -5.32615483e-01
     2.22760224e+00   1.09600079e+00]
  [  7.06865013e-01   6.96245432e-02   7.82253504e-01 ...,  -1.46402967e+00
     3.07787800e+00  -8.37432265e-01]
  [  2.21888590e+00  -6.28592670e-01  -3.42498422e+00 ...,  -3.72681880e+00
     1.38583231e+00  -1.02675056e+00]
  ..., 
  [  2.48981690e+00   4.79609817e-01  -3.96315742e+00 ...,  -3.45571542e+00
    -4.19194460e-01  -3.66826153e+00]
  [  1.91897476e+00   2.83141923e+00  -4.33081484e+00 ...,  -8.94003570e-01
     1.85176539e+00  -7.41296291e-01]
  [  4.82587159e-01   1.04136825e+00  -5.38251257e+00 ...,  -2.35814476e+00
     4.51736413e-02  -1.41803399e-01]]

 [[  4.17140675e+00  -1.34761035e+00  -2.33969378e+00 ...,  -5.94903946e-01
     3.35596657e+00  -6.10543191e-01]
  [ -8.64392579e-01   4.14570004e-01  -4.39196825e+00 ...,  -2.16734600e+00
     4.13824558e+00  -5.91224098e+00]
  [  2.51980281e+00   4.41066623e-01  -1.02613487e+01 ...,  -4.88042021e+00
    -3.67523819e-01  -5.33697844e+00]
  ..., 
  [  9.65996981e-01   4.67399716e-01  -7.90337229e+00 ...,  -4.40537977e+00
    -2.29610771e-01  -3.24559140e+00]
  [ -1.61921307e-01   3.58651090e+00  -9.30875206e+00 ...,  -6.04301596e+00
    -1.73356578e-01  -1.48710656e+00]
  [  5.29125571e-01  -6.64761305e-01  -6.65247774e+00 ...,  -2.50727892e+00
    -1.42116320e+00  -1.93833005e+00]]

 ..., 
 [[  5.09653628e-01  -8.56251419e-02  -4.08643365e-01 ...,   1.73398733e-01
     5.29700220e-01  -1.68374509e-01]
  [  2.03423053e-01   2.76146997e-02  -1.41380024e+00 ...,  -1.25181139e+00
     8.78900528e-01  -1.24733531e+00]
  [  6.25424922e-01   9.06890810e-01  -2.78771806e+00 ...,  -1.46191859e+00
     5.60421526e-01  -1.56322789e+00]
  ..., 
  [  3.14408541e-01   7.37236798e-01  -4.55539036e+00 ...,  -2.73042631e+00
    -1.36306989e+00  -1.40540671e+00]
  [  6.92957282e-01   5.85602522e-01  -2.42007947e+00 ...,  -1.55677760e+00
    -2.82688788e-03   9.72558931e-03]
  [  4.87627864e-01  -4.84229922e-01  -3.98227930e+00 ...,  -1.35410714e+00
     1.18656850e+00  -1.85726678e+00]]

 [[  2.17257783e-01   1.62150636e-01  -1.00259972e+00 ...,   3.23709175e-02
     6.61936820e-01   7.09790289e-02]
  [  9.36115459e-02  -6.36800587e-01  -1.01375699e+00 ...,  -9.81997192e-01
     5.14322400e-01  -1.06788898e+00]
  [  5.28986156e-01   3.22013706e-01  -1.39259851e+00 ...,  -1.38636982e+00
     7.07484961e-01  -1.27890253e+00]
  ..., 
  [  5.35728693e-01   1.41659051e-01  -2.47705698e+00 ...,  -1.88491023e+00
     2.74304509e-01  -2.11306289e-01]
  [  1.16228354e+00   8.35150957e-01  -2.29816222e+00 ...,   1.27816632e-01
     1.21101189e+00  -5.50952017e-01]
  [ -7.56926015e-02   8.04850698e-01  -1.98765206e+00 ...,  -4.48713571e-01
     1.06200433e+00  -1.52442944e+00]]

 [[ -1.24872684e-01   2.97686517e-01  -7.01788306e-01 ...,  -1.59948319e-01
     7.20458269e-01  -4.42039698e-01]
  [ -3.30944568e-01   9.82733145e-02  -1.66872942e+00 ...,  -9.45137218e-02
     4.64749038e-01  -9.15956974e-01]
  [  3.42891604e-01   5.91473341e-01  -1.83060539e+00 ...,  -1.35743785e+00
     2.47386321e-01  -7.51283228e-01]
  ..., 
  [  5.51200271e-01   1.27350175e+00  -1.98503971e+00 ...,  -1.28347087e+00
     8.81559014e-01  -1.28983831e+00]
  [  1.10352683e+00   1.88176596e+00  -2.47669840e+00 ...,  -1.53776038e+00
     2.63577074e-01  -7.79307246e-01]
  [  1.01607633e+00   6.97890580e-01  -1.28437650e+00 ...,  -2.73895353e-01
     5.17363787e-01  -7.35071659e-01]]]
