[[[ -2.23589172e+01  -3.76615524e+00  -4.13356361e+01 ...,  -5.00693054e+01
     3.61752868e-01  -2.59165573e+00]
  [ -2.85556269e+00  -1.47455883e+01  -1.03111811e+01 ...,  -5.68734398e+01
     3.59279943e+00  -3.63485680e+01]
  [ -6.97501612e+00   5.01728630e+00  -1.76785488e+01 ...,  -9.14055557e+01
     1.38693895e+01  -6.35239716e+01]
  ..., 
  [ -2.15908623e+01  -1.06644945e+01  -2.41451035e+01 ...,  -1.02213799e+02
     2.56234188e+01  -6.33468628e+01]
  [  1.10571833e+01   4.34296684e+01  -4.13143492e+00 ...,  -8.09564362e+01
     1.19651079e+00  -5.09514732e+01]
  [  9.94043541e+00  -9.37706566e+00  -1.08949413e+01 ...,  -4.37387505e+01
     8.32066631e+00  -4.56354218e+01]]

 [[ -1.40784464e+01  -5.78417444e+00  -6.89076691e+01 ...,  -7.08832321e+01
     1.91078644e+01  -2.88838272e+01]
  [ -8.81073952e+00  -1.24503708e+01  -3.43727303e+01 ...,  -7.42717972e+01
     1.13281784e+01  -7.53248825e+01]
  [ -1.18342705e+01  -5.99396896e+00  -4.44830627e+01 ...,  -1.01401642e+02
     1.50986576e+01  -8.59364243e+01]
  ..., 
  [ -2.87184124e+01  -2.30714016e+01  -5.95968666e+01 ...,  -1.03411446e+02
     2.14104805e+01  -7.52558823e+01]
  [  2.29691148e+00   5.52830276e+01  -1.30356941e+01 ...,  -6.65128784e+01
     1.23029728e+01  -5.12223778e+01]
  [  8.96589756e+00  -3.05781627e+00  -2.27075806e+01 ...,  -2.93140984e+01
     7.62824774e+00  -4.83181877e+01]]

 [[ -2.25736332e+01  -2.72070274e+01  -5.30959167e+01 ...,  -7.94158325e+01
     8.99459839e+00  -3.76163139e+01]
  [  1.57103176e+01  -2.84690704e+01  -2.46630249e+01 ...,  -9.21925201e+01
     1.99720383e+01  -9.40243759e+01]
  [ -1.10640693e+00  -2.20179195e+01  -4.73334923e+01 ...,  -9.74570389e+01
     1.39132357e+01  -6.74027252e+01]
  ..., 
  [ -2.05620499e+01  -3.48457108e+01  -6.53305969e+01 ...,  -9.31553040e+01
     1.97635727e+01  -6.70618286e+01]
  [  3.60643172e+00   3.82473183e+01  -1.46565704e+01 ...,  -4.72184563e+01
     3.99812622e+01  -2.80937443e+01]
  [  1.47231016e+01  -7.24782228e+00  -3.00338364e+01 ...,  -1.87671928e+01
     3.38940048e+01  -3.32485123e+01]]

 ..., 
 [[ -2.16638641e+01  -2.75946198e+01  -3.42463264e+01 ...,  -3.62180252e+01
     9.27503490e+00  -1.43436975e+01]
  [  1.97544787e-02  -4.78593979e+01  -3.18450832e+01 ...,  -5.90305634e+01
     1.06366243e+01  -7.26601639e+01]
  [ -7.46244073e-01  -4.69227104e+01  -4.46559525e+01 ...,  -6.98860245e+01
    -8.26139736e+00  -6.30283852e+01]
  ..., 
  [ -3.01944332e+01  -3.39707680e+01  -5.22187653e+01 ...,  -7.59123383e+01
     1.92668781e+01  -4.98677025e+01]
  [  1.01763940e+00   4.30317192e+01  -1.23429642e+01 ...,  -3.64961395e+01
     3.79190178e+01  -2.39649467e+01]
  [  1.27030048e+01  -1.48231764e+01  -3.17465324e+01 ...,  -3.02222862e+01
     3.13237457e+01  -4.22592621e+01]]

 [[ -4.16438446e+01  -1.79612751e+01  -2.37944794e+01 ...,  -4.04751892e+01
     4.90389633e+00  -2.82741947e+01]
  [ -3.29418182e+01  -1.96422615e+01  -2.01757393e+01 ...,  -5.25658607e+01
    -3.88197660e+00  -1.01903885e+02]
  [ -4.58219185e+01   7.60222006e+00  -9.57067585e+00 ...,  -3.91700249e+01
    -4.11340714e+00  -9.08746490e+01]
  ..., 
  [ -5.13259659e+01   9.77587938e-01  -2.26839695e+01 ...,  -4.54898033e+01
     9.82747841e+00  -8.34838486e+01]
  [ -7.53682327e+00   3.91953278e+01   1.83925056e+01 ...,   1.37977982e+00
     3.68234825e+01  -5.22015572e+01]
  [  9.21468639e+00   1.37166233e+01   1.01350296e+00 ...,  -1.14742727e+01
     1.15855093e+01  -4.05970459e+01]]

 [[ -1.57730877e+00  -1.16405783e+01  -8.11719036e+00 ...,  -2.93225746e+01
     8.84786224e+00  -1.79996948e+01]
  [ -4.25998306e+00  -1.63370502e+00  -1.91044712e+01 ...,  -5.21147575e+01
    -2.95307970e+00  -6.69138870e+01]
  [ -7.34376729e-01   2.08749714e+01  -5.43093729e+00 ...,  -2.31244907e+01
     6.60081804e-01  -4.95277786e+01]
  ..., 
  [ -4.56419277e+00   1.17414389e+01  -2.61871052e+01 ...,  -1.56183567e+01
     7.13082790e+00  -4.73833046e+01]
  [  1.88266964e+01   1.99896488e+01   1.65577602e+01 ...,   3.31692848e+01
     3.61523361e+01  -9.49852371e+00]
  [  2.51279659e+01   8.54768372e+00  -7.48196459e+00 ...,   1.36162786e+01
     1.86916752e+01   8.34966564e+00]]]
