[[[ 122.00485229    0.            0.            0.            0.            0.
    129.59152222    0.            0.            0.            0.            0.
      0.            0.        ]
  [   0.            0.          204.07893372    0.            0.            0.
      0.            0.            0.            0.            0.            0.
      0.            0.        ]
  [   0.            0.          252.25814819    0.            0.            0.
      0.          148.4959259     0.            0.            0.            0.
      0.            0.        ]
  [   0.            0.          164.87927246    0.            0.            0.
      0.           93.43212891    0.            0.            0.            0.
      0.            0.        ]
  [   0.            0.          225.34130859    0.            0.            0.
      0.           34.06700134    0.            0.            0.            0.
      0.            0.        ]
  [   0.            0.          195.23439026    0.            0.            0.
      0.            0.            0.            0.            0.            0.
      0.            0.        ]
  [   0.            0.           59.88942719    0.            0.            0.
      0.            0.            0.            0.            0.            0.
      0.            0.        ]
  [   0.            0.          358.57440186    0.            0.            0.
      0.          257.20983887    0.            0.            0.            0.
      0.            0.        ]]

 [[   0.            0.            0.            0.            0.            0.
      0.            0.            0.            0.            0.            0.
      0.            0.        ]
  [   0.            0.          351.48751831    0.            0.            0.
      0.            0.            0.            0.            0.            0.
      0.            0.        ]
  [   0.            0.          351.73919678    0.            0.            0.
      0.            0.            0.            0.            0.            0.
      0.            0.        ]
  [   0.            0.          350.78903198    0.            0.            0.
      0.            0.            0.            0.            0.            0.
      0.            0.        ]
  [   0.            0.          398.84738159    0.            0.            0.
      0.            0.            0.            0.            0.            0.
      0.            0.        ]
  [   0.            0.          407.01727295    0.            0.            0.
      0.            0.            0.            0.            0.            0.
      0.            0.        ]
  [   0.            0.          308.41400146    0.            0.            0.
      0.            0.            0.            0.            0.            0.
      0.            0.        ]
  [   0.            0.          581.65649414    0.            0.            0.
      0.            0.            0.           13.52752972    0.            0.
      0.            0.        ]]

 [[   0.            0.            0.            0.            0.            0.
      0.            0.            0.            0.            0.            0.
      0.            0.        ]
  [   0.            0.          153.57904053    0.            0.            0.
      0.            0.            0.            0.            0.            0.
      0.            0.        ]
  [   0.            0.          224.78060913    0.            0.            0.
      0.          168.41809082    0.            0.            0.            0.
      0.            0.        ]
  [   0.            0.          273.22177124    0.            0.            0.
      0.           20.30175018    0.            0.            0.            0.
      0.            0.        ]
  [   0.            0.          244.92227173    0.            0.            0.
      0.            0.            0.            0.            0.            0.
      0.            0.        ]
  [   0.            0.          358.94436646    0.            0.            0.
      0.            0.            0.            0.            0.            0.
      0.            0.        ]
  [   0.            0.          410.13793945    0.            0.            0.
      0.            0.            0.            0.            0.            0.
      0.            0.        ]
  [   0.            0.          498.45828247    0.            0.            0.
      0.          130.34617615    0.            0.            0.            0.
      0.            0.        ]]

 [[   0.            0.            0.            0.            0.            0.
      0.            0.            0.            0.            0.            0.
      0.            0.        ]
  [   0.            0.          101.66188812    0.            0.            0.
      0.            0.            0.            0.            0.            0.
      0.            0.        ]
  [   0.            0.          190.76431274    0.            0.            0.
      0.          246.97581482    0.            0.            0.            0.
      0.            0.        ]
  [   0.            0.          127.22062683    0.            0.            0.
      0.          157.27153015    0.            0.            0.            0.
      0.            0.        ]
  [   0.            0.           35.3085022     0.            0.            0.
      0.           74.81626892    0.            0.            0.            0.
      0.            0.        ]
  [   0.            0.          269.33712769    0.            0.            0.
      0.            0.            0.            0.            0.            0.
      0.            0.        ]
  [   0.            0.          263.61331177    0.            0.            0.
      0.            0.            0.            0.            0.            0.
      0.            0.        ]
  [   0.            0.          444.59243774    0.            0.            0.
      0.          194.25718689    0.            0.            0.            0.
      0.            0.        ]]

 [[   0.            0.            0.            0.            0.            0.
      0.            0.            0.            0.            0.            0.
      0.            0.        ]
  [   0.            0.          290.34393311    0.            0.            0.
      0.            0.            0.            0.            0.            0.
      0.            0.        ]
  [   0.            0.          457.86642456    0.            0.
     89.4825058     0.          142.59411621    0.            0.            0.
      0.            0.            0.        ]
  [   0.            0.          305.61401367    0.            0.
     25.28762436    0.           93.96159363    0.            0.            0.
      0.            0.            0.        ]
  [   0.            0.          285.14257812    0.            0.            0.
      0.           77.13661957    0.            0.            0.            0.
      0.            0.        ]
  [   0.            0.          316.9234314     0.            0.            0.
      0.            0.            0.            0.            0.            0.
      0.            0.        ]
  [   0.            0.          252.42381287    0.            0.            0.
      0.            0.            0.            0.            0.            0.
      0.            0.        ]
  [   0.            0.          477.75674438    0.            0.            0.
      0.          186.98350525    0.            0.            0.            0.
      0.            0.        ]]

 [[   0.            0.            0.            0.            0.            0.
      0.            0.            0.            0.            0.
     30.98040009    0.            0.        ]
  [   0.            0.          286.89520264    0.            0.            0.
      0.            0.            0.            0.            0.            0.
      0.            0.        ]
  [   0.            0.          343.89605713    0.            0.
     40.16144943    0.          304.36938477    0.            0.            0.
      0.            0.            0.        ]
  [   0.            0.          304.96414185    0.            0.
     16.57232475    0.          165.95585632    0.            0.            0.
      0.            0.            0.        ]
  [   0.            0.          334.2124939    50.99505234    0.
     18.33673859    0.          137.86013794    0.            0.            0.
      0.            0.            0.        ]
  [   0.            0.          348.68655396    0.            0.
    196.71253967    0.            2.10040665    0.            0.            0.
      0.            0.            0.        ]
  [   0.            0.          376.8944397     0.            0.            0.
      0.            0.            0.            0.            0.            0.
      0.            0.        ]
  [   0.            0.          384.37075806    0.            0.            0.
      0.          150.18199158    0.            0.            0.            0.
      0.            0.        ]]

 [[   0.            0.            4.98677588    0.            0.            0.
      0.            0.            0.            0.            0.
    107.46372223    0.            0.        ]
  [   0.            0.           69.57888031    0.            0.
    132.66003418    0.           16.663311      0.            0.            0.
     14.02043438    0.            0.        ]
  [   0.            0.           47.53454971    0.            0.
    190.37913513    0.          320.1862793     0.            0.            0.
      0.            0.            0.        ]
  [   0.            0.            0.            0.            0.
    122.22994232    0.          171.90518188    0.            0.            0.
      0.            0.            0.        ]
  [   0.            0.            0.           88.07541656    0.
    330.18579102    0.          143.44143677    0.            0.            0.
      0.            0.            0.        ]
  [   0.            0.            0.            0.            0.
    374.64871216    0.            0.            0.            0.            0.
      0.            0.            0.        ]
  [   0.            0.          176.84902954    0.            0.            0.
      0.            0.            0.            0.            0.            0.
      0.            0.        ]
  [   0.            0.          180.23297119    0.            0.            0.
      0.            0.            0.            0.            0.            0.
      0.            0.        ]]

 [[   0.            0.           70.5302124     0.            0.
    118.35237122    0.            0.            0.            0.            0.
      0.            0.            0.        ]
  [   0.            0.          123.21218872   95.44786072    0.
    154.10205078    0.            0.            0.            0.            0.
      0.            0.           17.95854568]
  [   0.            0.           66.29656219   99.3898468     0.
    148.70437622    0.          205.11448669    0.            0.            0.
      0.            0.            0.        ]
  [   0.            0.           39.86038589   38.60468292    0.
     53.17738342    0.          208.12089539    0.            0.            0.
      0.            0.            0.        ]
  [   0.            0.           52.48687744    0.            0.
    178.09474182    0.          153.23596191    0.            0.            0.
      0.            0.            0.        ]
  [   0.            0.           18.77082634    0.            0.
    252.31599426    0.           80.29342651    0.            0.            0.
      0.            0.            0.        ]
  [   0.            0.          163.81394958    0.            0.
     68.71311188    0.            0.            0.            0.            0.
      0.            0.            0.        ]
  [   0.            0.          127.22302246    0.            0.            0.
      0.            0.            0.            0.            0.            0.
      0.            0.        ]]]
