[[[    0.             0.             0.             0.             0.
       0.             0.             0.             0.             0.
    1066.53747559     0.             0.             0.        ]
  [ 1090.60522461     0.             0.             0.             0.
       0.             0.             0.           997.74072266     0.
    1127.98950195     0.           415.36129761     0.        ]
  [ 3799.97802734     0.             0.             0.          1187.56750488
       0.             0.             0.          1867.40905762
    1210.72021484   564.11151123     0.           116.09713745     0.        ]
  [ 3112.25292969     0.             0.             0.          3026.22680664
       0.             0.           696.77160645  1338.37365723
    2231.10205078    96.83249664     0.          1578.53637695     0.        ]]

 [[  669.46051025     0.             0.             0.             0.
       0.          1573.57189941     0.             0.             0.
     171.9959259      0.           218.77854919     0.        ]
  [ 2227.16796875     0.             0.             0.             0.
       0.          1090.8079834      0.             0.           200.72784424
     672.79064941     0.          2264.03979492     0.        ]
  [ 2708.49487305     0.             0.             0.             0.
       0.           982.20373535     0.             0.           691.44189453
     327.60742188     0.          1439.34753418     0.        ]
  [ 1951.22412109     0.             0.             0.          1920.98400879
       0.           688.63824463   557.25134277   879.38256836
    1553.58642578   733.48492432     0.           507.20956421     0.        ]]

 [[    0.             0.             0.             0.             0.
       0.          2297.72485352     0.           399.36669922
    1075.25512695     0.             0.           927.24243164     0.        ]
  [  267.63647461     0.             0.             0.             0.
       0.          2644.63232422     0.             8.23908138
    2447.09887695   290.63232422     0.          2946.56152344     0.        ]
  [   20.87342453     0.             0.             0.             0.
       0.          3648.32470703     0.             0.          2352.59399414
    1795.79772949     0.          1425.7734375      0.        ]
  [    0.             0.             0.             0.          1861.70751953
       0.          2845.85131836     0.             0.          1197.99182129
    2578.94775391     0.           537.61376953     0.        ]]

 [[    0.             0.             0.             0.             0.
       0.           299.70028687     0.           227.75218201
     816.73876953     0.             0.             0.             0.        ]
  [    0.             0.             0.             0.             0.
       0.          2541.75585938     0.             0.          1456.71142578
     804.17230225     0.          1640.32324219     0.        ]
  [    0.             0.             0.             0.             0.
       0.          4186.18212891     0.             0.          1857.80859375
    1599.39697266     0.          1462.79553223     0.        ]
  [    0.             0.             0.             0.          1812.32836914
       0.          3873.06176758     0.             0.          1161.43859863
    1984.4107666      0.           606.58520508     0.        ]]]
