0.0999249968398
0.100699995938
0.100524996594
0.0995749963587
0.0990749959508
0.0987249964382
0.0974999965262
0.0984749960992
0.0985249962332
0.0985999963805
0.09759999651
0.0981249965727
0.0986499965377
0.0970249967137
0.0987749963393
0.0989249959681
0.0977499966556
0.0981499962835
0.0988499958534
0.0959999963036
0.0984999965457
0.0965749967005
0.0961499964772
0.0984249962354
0.0980499966117
0.0984499962116
0.0958999965386
0.0948749963008
0.0972249963973
0.0963999965228
0.0961249962868
0.0983999966411
0.0977249963535
0.0961749963276
0.0979499960737
0.0983749965578
0.0980249961186
0.0952999965521
0.097524996195
0.0961999962293
0.0969499965617
0.0981249967963
0.0985249962471
0.0978999967081
0.0969249965763
0.0981249965494
0.0943749965308
0.097499996163
0.0952499966137
0.0980249964772
0.0961999963876
0.0965249965759
0.0970499962755
0.0960499964561
0.0970999963954
0.0961749962717
0.0962499965914
0.0975499966322
0.0975499964366
0.0970749967173
0.0959249964356
0.0966999966186
0.0942749964166
0.0963499967521
0.096749996352
0.0959249962866
0.0972999961674
0.0959249967057
0.0974749965081
0.0957499963464
0.0970499964291
0.0958249964938
0.0958499964792
0.0966499965731
0.0978499959083
0.0941999963438
0.0968499964476
0.0967999964766
0.0946249962458
0.0964499965031
0.0981249965075
0.0970749965357
0.0968749958137
0.0965249965712
0.0979999963008
0.095999996555
0.098149996181
0.0988499964261
0.0971749962308
0.0984749961412
0.0979249963537
0.0972999962745
0.0959249963937
0.0974749963218
0.0957499965932
0.0977999964124
0.0957499964023
0.0989749965584
0.0965249962686
0.0980249962397
0.0959499965794
0.0954499966372
0.0968249965832
0.0957749964623
0.0969499961892
0.0964749961114
0.0960249965731
0.095199996531
0.0962749964604
0.0950749961985
0.0950499963481
0.0971249962924
0.0970999963721
0.0950249961251
0.0971999962628
0.0971749961982
0.0968999966606
0.0965249965526
0.0945999965072
0.0963499961281
