13495.0580269
57.9040755337
19.126718601
9.97934224725
6.72593795657
4.82670695484
3.61700446188
3.00116883695
2.75651591301
2.61082352102
2.50183628082
2.42549873829
2.354377774
2.32178329349
2.31825248837
2.31639997959
2.31302065313
2.30704730868
2.30879063904
2.32214225292
2.30260127246
2.30260064006
2.30259912133
2.30259883761
2.30259814918
2.30259965241
2.30259842992
2.3025986439
2.30260003209
2.30259952486
2.30259769976
2.30259856164
2.30259778202
2.30259859979
2.30259994864
2.30259786546
2.30259771585
2.30259738088
2.30259776235
2.30259833276
2.30260017097
2.30259920537
2.30259853721
2.30259940982
2.30259731174
2.30259822369
2.30259867311
2.30259932756
2.3025998801
2.30260073543
2.30260006189
2.30259797871
2.30259977043
2.30259881258
2.30259885788
2.30260012865
2.30259922266
2.30259819925
2.30259802341
2.30259718239
2.30259911597
2.30259800673
2.3026017791
2.30259954095
2.30259847641
2.30259794831
2.30259889185
2.30260044634
2.30259849906
2.30260140598
2.30259958446
2.30259941339
2.30259967685
2.30259987891
2.30259941697
2.30259963036
2.30260001063
2.30259975612
2.3025983572
2.3025984478
2.30259872198
2.3025998652
2.30260156333
2.30260068357
2.30259756684
2.30260035872
2.30259826064
2.30259928882
2.30259835124
2.30259897649
2.3026001519
2.30259795189
2.30260032475
2.30260090411
2.30259898245
2.30260118246
2.30259862304
2.30259943366
2.30259909153
2.3025994879
2.30259764433
2.30259873867
2.30259880543
2.30259759665
2.30259894192
2.30259851694
2.3025989306
2.30259974301
2.30260018051
2.30259761989
2.30259918332
2.30259948671
2.30259883642
2.30259793937
2.30259750426
2.30259826481
2.30260017931
2.30259867609
2.30259930432
2.30259981573
