897.921412277
353.54570734
156.591043658
22.9294301155
7.45270009309
4.36296424896
3.26456371486
2.78121533781
2.52523435995
2.41884310722
2.32658575043
2.3025870496
2.22601951316
2.22492092177
2.28297853142
2.32980443969
2.18946362749
2.1785379523
2.22537629113
2.20335803494
2.16545524836
2.16388112262
2.1625048928
2.1866074945
2.190671653
2.1521022895
2.13083176836
2.1284835048
2.12531782135
2.13519385397
2.10944655389
2.10579945639
2.11110927671
2.10771963254
2.09906955913
2.09633587554
2.08487820745
2.08150185287
2.07361989692
2.06425365105
2.08386367559
2.0720499745
2.07013422579
2.09754913375
2.0832280843
2.06334354028
2.03894341677
2.04595384732
2.03359950513
2.02684471741
2.01996854991
2.02400682151
2.01098316625
2.01264622211
2.05072984397
2.0218680872
2.02451501429
2.00272834033
1.98698387891
1.99932109922
1.99745826438
1.98520789176
1.98060284659
1.99348125368
1.97897377566
1.9723807314
1.99200748101
1.97828606203
1.98800279498
1.9547925733
1.96152546227
1.95713659704
1.94756520197
1.9475998874
1.98956049874
1.99175858319
1.94561352298
1.9291655165
1.9213252072
1.92697134078
1.93159151375
1.92146884874
1.91866513014
1.91164300442
1.90957601994
1.91654578805
1.91558414906
1.89951765001
1.89892753437
1.90108531103
1.89625165746
1.9030519855
1.90631616175
1.89224491626
1.87926428959
1.87869536683
1.88302747369
1.86345379472
1.87858260721
1.88177707449
1.86486065775
1.87748135939
1.84888054714
1.86188156307
1.90722366527
1.85996809408
1.87045516804
1.84947183177
1.83677445441
1.83426006481
1.83277989715
1.86032050252
1.83765742093
1.85740505651
1.85373174593
1.82588655725
1.80828782365
1.81289633006
1.82902562633
1.8473693563
