3068.21303094
317.750894691
104.699035267
43.972900197
17.1383179936
10.1835314374
7.57031569171
5.97298907065
5.10222890449
4.32277922845
3.98192048788
3.5670487752
3.19751305592
2.96892658782
2.80297448397
2.64874524796
2.53830850208
2.4116454339
2.32954982471
2.2506285044
2.22436623037
2.18067819118
2.14091222847
2.09955804396
2.07709498823
2.04797572541
2.00518691051
1.99658506441
1.97093781483
1.96580071771
1.95114089394
1.92526707149
1.90999668002
1.8924416765
1.88542069781
1.86895874107
1.85738363421
1.8497312398
1.83166015565
1.82707854033
1.81466081285
1.80514741516
1.79513917649
1.79423754096
1.77766230273
1.77255254078
1.76628024399
1.75524154878
1.7476548028
1.73634508264
1.73371600199
1.73258627152
1.71920981526
1.71847919834
1.70665233302
1.70194299483
1.69806021643
1.68975396156
1.68439279473
1.68059251952
1.67880479109
1.67204277086
1.66596760619
1.65800135398
1.65674971378
1.64950971389
1.64105452752
1.63412409675
1.63357172906
1.63703839254
1.62210194314
1.62017287791
1.62010088992
1.6171161983
1.62133336985
1.60705166805
1.60639629483
1.59980551517
1.59956576538
1.59878437412
1.59718655157
1.59433487582
1.58802055252
1.58585547638
1.57991996002
1.57907898605
1.57563885677
1.57194888544
1.57070430434
1.568905213
1.56726520443
1.56161898851
1.57013157046
1.55995876706
1.5560222472
1.55839195633
1.55572591853
1.57642501366
1.55149045968
1.54789238918
1.54108968246
1.5440177145
1.54110445762
1.54277706122
1.54015264428
1.53907305264
1.53374984789
1.53313302827
1.52613003659
1.52539250374
1.52824825048
1.52763839293
1.51908459222
1.52977985334
1.52199376148
1.5170114429
1.52432346296
1.51335909331
1.51631202531
1.5080268358
