0.0995249964856
0.0987249963544
0.0976999964099
0.0973499964597
0.0955749964993
0.099499996244
0.0984749964019
0.0981999963941
0.0994499962591
0.0966249964712
0.100224996312
0.0967999966256
0.0988999962807
0.0983249964146
0.0985749962134
0.0990749963187
0.0971499962965
0.0973499965575
0.0990749965282
0.0970999963954
0.0979249963956
0.0966749963956
0.0981999963848
0.0991249963501
0.100499996413
0.0977999962447
0.0963749965793
0.0969499963662
0.0985249963775
0.100424996042
0.0960249965684
0.0976249964256
0.0972999962512
0.0976999965077
0.097199996626
0.0984999962989
0.0981249963678
0.0940249965573
0.0969999964396
0.0970249964716
0.0975249965163
0.0990999964718
0.100674996334
0.0975249964884
0.0989749963395
0.0978249963606
0.0990999962529
0.0972499963641
0.0971499965619
0.0973749963706
0.0962999965018
0.0997499962058
0.0980999965826
0.0976749964571
0.0975749965385
0.0968749966472
0.0984499963606
0.0980999964569
0.0989499964379
0.096774996412
0.0979749964178
0.0967249964038
0.0959499965422
0.0978249964304
0.0965249964362
0.0976749965688
0.0970249964157
0.0967249962268
0.0990249965666
0.0981249964144
0.0997249962855
0.0972749964101
0.0966749962978
0.0986999965226
0.0995499962848
0.0970749963587
0.097124996325
0.0945249963365
0.0946249966323
0.0972249964299
0.0986249964219
0.0983749963436
0.0971249966091
0.0986749964114
0.0953999965312
0.0973499965481
0.0976249964396
0.0969249966694
0.0988749962905
0.0987749963487
0.0988499962911
0.0962749966327
0.0951249965234
0.0983249965357
0.098699996355
0.0994249963062
0.0957749965601
0.096299996702
0.0983249965403
0.0967249965575
0.0962749964977
0.0983249965729
0.0975749964267
0.0979749967437
0.0979749965249
0.097849996374
0.0953999965359
0.0982999964291
0.0981999963569
0.0974249963649
0.097574996464
0.0986999966437
0.0967999963742
0.0948749965802
0.0965999963274
0.0964749964187
0.0983499966841
0.0973999963561
0.09744999649
0.0982249964215
