0.124800003037
0.12987500312
0.135025003362
0.139600003477
0.131775003083
0.126425003124
0.116675002979
0.120500002984
0.12080000289
0.121950003143
0.11872500292
0.121575002946
0.122150003036
0.124975003116
0.131850003025
0.131225003224
0.131200003216
0.136100003283
0.133950003384
0.139750003679
0.142825003572
0.144950003585
0.150050003827
0.15742500411
0.159200004181
0.168950004138
0.172475004613
0.173450004347
0.179875004638
0.179600004412
0.184350004656
0.185125004947
0.190975004898
0.19867500495
0.19970000512
0.20625000523
0.213250005051
0.2133750054
0.218675005294
0.22310000555
0.235675005313
0.240450005461
0.250400006231
0.254100006176
0.264250006091
0.267675006814
0.277325006049
0.284600006633
0.294875006884
0.300500007078
0.302950007178
0.305400007375
0.315800006315
0.310975007594
0.318100007087
0.324875007056
0.328375007272
0.333900006846
0.33747500781
0.335025006659
0.340800007366
0.346225008234
0.348100007042
0.349700007796
0.352400007486
0.354925008394
0.358675007686
0.364175006837
0.365775007293
0.365900008172
0.371300007969
0.375625007056
0.376400007598
0.375025008038
0.380200007945
0.382225008443
0.388100008592
0.388725008383
0.389525008246
0.392775008008
0.400575008258
0.394875008047
0.397100008175
0.401225007191
0.404375008181
0.405325007945
0.406075006619
0.410375007674
0.413475007787
0.413225007385
0.415550007537
0.414150008231
0.414350007877
0.417575007305
0.417400008261
0.419650007531
0.420850007996
0.423700008154
0.422000006944
0.421750007704
0.423450007617
0.425375006899
0.428450008333
0.43100000836
0.431300006643
0.434250007167
0.431725008056
0.433250007883
0.42832500799
0.436075007156
0.437775007412
0.434950007826
0.43610000819
0.437975007385
0.440650008082
0.437000007421
0.440550007939
0.442000007823
0.442400007784
0.443100007296
