0.294074990023
0.340199988317
0.285999989668
0.177174993819
0.153624994452
0.144599994444
0.147349994946
0.152349994369
0.153349994095
0.156249994496
0.159499994861
0.164899994261
0.168874993976
0.171974994261
0.172324993666
0.167624994302
0.176899993671
0.180149993575
0.180774993701
0.179424993689
0.187849993459
0.189649993163
0.187924993234
0.189449993125
0.187299993178
0.190924993064
0.193449993823
0.196624993375
0.200449993014
0.197574993549
0.202599993031
0.202199992929
0.202924993061
0.206124992627
0.207474993053
0.20929999297
0.209974992997
0.210999992606
0.211524992893
0.215349993007
0.213824993339
0.218224992482
0.217074992848
0.215249992837
0.216274992572
0.219399992884
0.224074991834
0.224024992138
0.226349991863
0.228824991817
0.231174992193
0.23129999164
0.234874991518
0.233099991577
0.228174991687
0.232874991964
0.234624992325
0.237674991782
0.241399991862
0.239499991508
0.240824991846
0.243224990768
0.245124991313
0.243949991218
0.244099990772
0.249874991141
0.250174991656
0.249324991312
0.243749991758
0.255774991801
0.255024990356
0.254324991135
0.25632499082
0.258774991184
0.254949991042
0.252624991536
0.257624991303
0.264299990442
0.263799991244
0.262374990787
0.261899990644
0.264449991044
0.267174990745
0.270299990191
0.270774990516
0.271599990707
0.273074990939
0.273574990463
0.276099990392
0.273824990252
0.27954999092
0.274224989857
0.278174991142
0.279524990302
0.28352499038
0.283699990045
0.283274988988
0.288424989833
0.286099989838
0.285749990223
0.288849990228
0.290374989761
0.293824989442
0.295549989641
0.28747498964
0.294349989323
0.294574989602
0.294874989362
0.29944998987
0.299599988749
0.299824989587
0.298874989124
0.298799990267
0.299274989767
0.30197498912
0.305424989695
0.307874989789
0.305749988854
0.308699989673
0.307349989051
