0.159450004227
0.158600004094
0.14687500375
0.1340750034
0.130200003255
0.132975003341
0.133300003316
0.138300003564
0.142875003956
0.145900003962
0.149625003815
0.152750004046
0.162800004184
0.16520000408
0.173400004247
0.181325004762
0.186525004711
0.191550005108
0.198825004905
0.212050005497
0.211675005123
0.218350005483
0.229175005455
0.230725005684
0.235375005679
0.241100005934
0.252250005644
0.256125005761
0.256450006517
0.256875006117
0.266725006253
0.270350005955
0.273225006498
0.28150000675
0.279500006394
0.289350007199
0.291300006293
0.293125006817
0.2998750076
0.299925007217
0.30587500738
0.308825006817
0.316700007305
0.314650007315
0.32000000684
0.322525007382
0.327000007533
0.331300007835
0.3360500063
0.337125007331
0.340750007659
0.342150007382
0.348400007598
0.347175007977
0.354050007194
0.352925006904
0.35717500712
0.35810000743
0.362300007537
0.362475007653
0.366975007966
0.366125007756
0.370425008237
0.371925007626
0.374000008374
0.377650007755
0.381950007915
0.383125007853
0.383775007114
0.387975007571
0.390825008065
0.392775007069
0.393150008246
0.397275006771
0.391750007227
0.397525007427
0.39922500661
0.401650007471
0.401075007752
0.401925006911
0.403575006828
0.403125008047
0.404600007609
0.409775007576
0.410300008282
0.411250008047
0.412675007567
0.41350000748
0.414450007185
0.417225007787
0.415400006652
0.42072500743
0.415500007212
0.417650008157
0.417750007823
0.420875007808
0.419875007033
0.414900007889
0.423375007063
0.427650007457
0.425100007728
0.427275007248
0.427500008002
0.428300007418
0.425325007841
0.431200007513
0.429150007859
0.430375007764
0.43360000746
0.432950008437
0.433075007454
0.434100007907
0.435025007054
0.430400007263
0.435975007817
0.434750007093
0.435975008368
0.438400008053
0.438150007308
0.442850007191
