1633556479.99
847993.285506
206287.872003
130944.610878
91178.6011343
81643.2425915
4956.15522297
2766.43839837
41382.0381085
2.30274072945
41392.0546527
2.30271577835
28079.3294712
11269.9588703
2.30272980928
2.3027382651
2.30274917394
2.30274036556
2.30272504926
2.30274740934
2.30275290757
2.30272826314
2.30271782607
5402.25174146
2.3027396214
2.30274275541
2.3027730158
2.30275737613
12820.1898383
2.30276910007
514.908821869
2.30276396453
2.30274621904
2.30274047941
2.30276049882
2.3027392599
2.30273631066
2.30275886327
2.30274810016
2.30275271922
2.30276676357
2.30275762588
2.30274815142
2.30275115162
2.30273850381
2.30274983495
2.30273936093
2.30276416004
2.30275866985
2.30277558059
2.3027394399
2.30273751408
2.30273731798
2.30275295645
2.3027501604
2.30276543796
2.30273493528
2.30274503112
2.30274802268
2.3027527082
2.30276404321
2.30276766866
2.30276911914
2.30275107175
2.30276691943
2.30274833083
2.30275628507
2.30278974533
2.302760261
2.30276916176
2.30272695005
2.30275587022
2.30276083201
2.30275068462
2.30272558242
2.30276344478
2.30276678562
2.30276073724
2.30275737166
2.30274232119
2.30276636094
2.30276051432
2.30276312351
2.30272698313
2.30274908662
2.30277745992
2.30272720486
2.30276337206
2.30275702715
2.30273893118
2.30273331851
2.30275200367
2.3027679944
2.30276021361
2.30273695588
2.30277594268
2.30274692118
2.3027515623
2.30275462598
2.30275763035
2.30273995221
2.30275073171
2.30276700974
2.30272710323
2.30274450272
2.30274919242
2.3027613014
2.30274077654
2.30276967436
2.30274080217
2.30277277857
2.30273266792
2.30276624203
2.30277213633
2.30271898538
2.30275740236
2.30272759914
2.30276553929
2.30276576549
2.3027489838
