0.160375004482
0.181950004658
0.220050005337
0.250325006202
0.288600006618
0.311725006834
0.340400006793
0.363100008085
0.38542500858
0.407625006378
0.433825007573
0.449900006592
0.471550008506
0.491300008371
0.510425008431
0.529950009882
0.550800008893
0.572350008965
0.593600011021
0.615225012481
0.63687501362
0.663250015199
0.688925016046
0.709675016314
0.740425019532
0.767025020182
0.791750024855
0.815825022995
0.833050023556
0.852725023866
0.865775020599
0.881300018013
0.893600016594
0.898000014961
0.902200012743
0.906375012934
0.9202250067
0.924675006092
0.710375004439
0.099200002199
0.0992750022374
0.0988250022624
0.0978500022944
0.0980500023011
0.0976250021607
0.0947750021201
0.0979250022639
0.0960500021074
0.0961250020713
0.096775002135
0.0970750023592
0.0991750023328
0.0970250022858
0.0971500021368
0.0971250021998
0.0950750019979
0.0965500023644
0.0984250022564
0.0992000022568
0.0958250023257
0.0975500023216
0.0964250021297
0.0949500022344
0.0976000021603
0.0959750020653
0.0969750023112
0.0964250022266
0.0978500022516
0.0990750020798
0.0977250021622
0.099525002256
0.09667500218
0.0960500022713
0.0990250022672
0.0992500022296
0.0963750022501
0.0968750022426
0.0950000021476
0.0941000021696
0.0963750023041
0.0985750023145
0.0967250020634
0.0965000021383
0.0981250022352
0.0954750022572
0.0971250021867
0.0980000020601
0.0970500021726
0.098175002262
0.098750002306
0.0992500022631
0.0968250023033
0.0960000021607
0.0976000021528
0.0973000022192
0.0999250021894
0.0949750021379
0.0974250022452
0.097650002284
0.096400001986
0.0973500023503
0.0956500022598
0.0974750021435
0.0968000022657
0.0967500022221
0.0958250021711
0.0948500020765
0.0974500023108
0.0974250023235
0.0979000021499
0.0968750023004
0.0975500021949
0.0967750022728
0.0952750020996
0.0961000021677
0.0972750023622
0.0972000022344
0.0966750021689
0.0965750020891
0.0966000021994
