0.10052500237
0.099400002405
0.0988250021804
0.0992250022888
0.0958750022165
0.0997250023019
0.0990500021987
0.0982750021722
0.0985500022639
0.0967000022586
0.0999250023328
0.0974250023123
0.0992750022262
0.0983250021692
0.0988750022165
0.0988500023112
0.0981250021625
0.0975750022437
0.0989500023108
0.0968750021458
0.0981750020888
0.0969500021785
0.0990750022139
0.0991000021826
0.100350002285
0.0978000021037
0.0964500022028
0.0969750022124
0.0982000023313
0.100425002223
0.0958750021234
0.0974000022672
0.096275002161
0.0974000023119
0.0975000022482
0.0987000022791
0.0983750022668
0.0943250020221
0.0960250021908
0.0986250022706
0.0976500021368
0.0996000023186
0.101250002395
0.0981750022247
0.0986500022486
0.0967250021119
0.0981750022806
0.0967250021771
0.0974750021752
0.0977250021659
0.0965750024207
0.0989750023074
0.0986250023469
0.0982750022244
0.0978000022154
0.09750000217
0.0985500023328
0.098400002243
0.0991500022151
0.0967250023689
0.097950002335
0.0968500021938
0.0968250022586
0.0985500021838
0.096575002078
0.0980000023171
0.0966250022072
0.097775002284
0.0994750020709
0.0980250022225
0.0993000023477
0.0978750022799
0.0971000022348
0.0987000021674
0.100100002319
0.0971500022579
0.0983000023793
0.0955750021916
0.0945500021037
0.0971250022817
0.0988750022706
0.0971000021044
0.0975750022307
0.0992500021812
0.0946500022318
0.0978000021894
0.0971750021782
0.0965500021596
0.0991500023194
0.0990500023533
0.0984000021964
0.0968250022344
0.0958250021357
0.0984000022747
0.0990250022672
0.0991750022154
0.0965250021927
0.096875002237
0.0984000023194
0.0969500020035
0.0958000023309
0.0984750022162
0.0970500021689
0.0984750022758
0.0982750022318
0.0983000021521
0.0957750022039
0.0988000022881
0.0983500022274
0.0985250022262
0.0974250023868
0.0986250023153
0.0969750023577
0.0956500020307
0.0963000021987
0.0973500023261
0.0989250022881
0.0969000021908
0.0980750022139
0.0977000022419
