0.298949989248
0.347149989102
0.324049989227
0.228149991636
0.173949993732
0.156499994588
0.155124994367
0.15317499469
0.153874994246
0.157524993983
0.159449994047
0.166549994084
0.172324993894
0.174774993872
0.178274993408
0.183399993675
0.182499993485
0.183474993161
0.187349993428
0.190124993478
0.194099993245
0.197799992999
0.198074993822
0.200899992785
0.197424993133
0.20227499309
0.200024992516
0.206974992845
0.212849992826
0.20769999288
0.210199992452
0.212699992284
0.212349993163
0.21672499232
0.21644999261
0.216424992061
0.220899991659
0.22382499163
0.220274992627
0.224274991737
0.225874992074
0.229949991954
0.230424991888
0.22897499295
0.231399991568
0.231599991443
0.235499991244
0.235299991984
0.23654999183
0.237599991634
0.240824991837
0.243474991326
0.248749991469
0.242174992273
0.244999991637
0.244049991732
0.248674991466
0.251524991184
0.250449991021
0.251949991165
0.253199990699
0.254249991421
0.257749990951
0.260049991049
0.261474990798
0.261424991251
0.264449990718
0.270324990992
0.263274991293
0.266199990334
0.261149991192
0.267174990289
0.275274989912
0.274974990217
0.273299990054
0.273049990823
0.273049990153
0.279574990217
0.279399989881
0.274449990713
0.278199990494
0.281099990588
0.283024989916
0.287074990058
0.286099990252
0.288249989366
0.289874990042
0.289749990227
0.292074990291
0.288249990195
0.296874989076
0.292074990151
0.294724989887
0.294624989321
0.298424989786
0.29719998992
0.298899990469
0.302074989397
0.304499989562
0.304674989311
0.308899989817
0.308124989886
0.30879998941
0.311574989278
0.310249989908
0.310624988768
0.312249989714
0.31477498848
0.312949989289
0.315874988735
0.319299989184
0.321749989036
0.320724988654
0.322274988983
0.322949989596
0.325499989614
0.324774988415
0.325824988969
0.329149988797
0.330374989267
