2409.62780865
701.781563843
139.439971214
34.4627820883
17.6242754722
12.1350858731
9.09580993748
7.08532076502
5.71246820474
4.58983124518
3.83929356456
3.31468927884
2.95836299109
2.71037273312
2.56085500336
2.48449434996
2.42729366577
2.38770819771
2.35167917001
2.32765820646
2.30043333697
2.28910969031
2.27022317398
2.25293421233
2.23634014452
2.2205230968
2.20325400758
2.18643203652
2.17659379017
2.15002260065
2.13515691936
2.10899358737
2.09728320372
2.0733568145
2.05944285643
2.04584069669
2.02690088332
2.01725539947
2.0124877317
2.00543780303
1.98964468229
1.98744370794
1.97458102286
1.97277959478
1.9670595988
1.96244323063
1.95509875357
1.94734288609
1.93774940562
1.93787099636
1.93376173174
1.92708061743
1.92127799881
1.91772804785
1.91693506157
1.91381043386
1.90672447395
1.90000020635
1.89719474483
1.89689260638
1.88996898305
1.89028444159
1.88351038218
1.88442564654
1.87625406456
1.87116571474
1.86538805425
1.8685147903
1.86024256575
1.86099928224
1.8579277153
1.85307777393
1.85109850216
1.84511630201
1.84652732801
1.84435005236
1.8384355762
1.83709149039
1.83592432559
1.82708166051
1.82609710443
1.82281216598
1.82349723709
1.81851688468
1.81949040663
1.81442753839
1.81257811916
1.81254236114
1.80685384488
1.81104435492
1.80396372831
1.80035129404
1.80477043164
1.79498773015
1.79574605572
1.79247187567
1.79272112763
1.79681927717
1.79174922228
1.78327222443
1.78432493758
1.7842672869
1.77707168055
1.77952683103
1.77875240314
1.78060252082
1.77641458988
1.77132839108
1.77133782434
1.77245932388
1.76483963764
1.76918251503
1.76715226591
1.76766092241
1.75986071742
1.75937034273
1.75861902714
1.75583622599
1.76001944911
1.75603613329
