0.237875005795
0.147125003818
0.112950002819
0.105325002376
0.10382500248
0.102525002435
0.102125002526
0.104550002344
0.103275002312
0.103725002429
0.102925002204
0.103400002426
0.102075002423
0.100600002315
0.101475002203
0.100925002372
0.101300002296
0.101425002173
0.100175002294
0.100250002323
0.100075002318
0.101500002353
0.0963500021212
0.0980250023957
0.0971000022572
0.0979750021622
0.099050002303
0.0985750023201
0.101325002339
0.0986500023194
0.100175002109
0.100450002419
0.0994250023011
0.0983750022035
0.100600002296
0.0990500022899
0.0983500024434
0.0985750023313
0.0985750023033
0.0997250022404
0.100825002292
0.0978750022426
0.0999000023026
0.101325002214
0.101975002211
0.0990000021942
0.0989500021841
0.0998500023112
0.101225002233
0.0999000023752
0.0994250024427
0.0988500022795
0.101575002335
0.0985750023518
0.0982750021517
0.101825002344
0.0991750021819
0.0990250022411
0.097875002129
0.0969000022225
0.100825002234
0.0956500021107
0.101025002381
0.0987250022274
0.0964250021148
0.0996000023354
0.0982000020985
0.0996500024237
0.0969750022348
0.103175002355
0.0998500022851
0.0994500023518
0.0982500023451
0.100550002195
0.100925002519
0.0989750023074
0.100450002421
0.0991000022609
0.0980750023164
0.0974250020646
0.0984750023242
0.0987000022288
0.10075000247
0.100250002371
0.0973000021689
0.101950002261
0.100775002312
0.0976250020284
0.0999750022553
0.0989250022415
0.101050002281
0.0982250022795
0.100575002618
0.0992500024233
0.101400002375
0.0968500021379
0.0986250020973
0.101525002288
0.0959250022154
0.100200002262
0.0978000023458
0.0967750022765
0.0991500023045
0.0996500022709
0.100225002389
0.097725002246
0.0960500022434
0.0975500022471
0.0975250022449
0.100000002412
0.0978000023514
0.0992000023257
0.098375002319
0.09755000218
0.0996000023764
0.100150002457
0.0994250024222
0.0986250023618
0.0997500021812
0.10037500239
