1127.70655277
489.937801037
240.522390137
68.6340444469
17.739118318
7.49416280031
4.69414193898
3.53283747226
2.92241488799
2.60542119354
2.43102823123
2.33659209713
2.27387881652
2.25805467814
2.23027692467
2.18840126306
2.20731629506
2.23670109555
2.2021031636
2.20893323302
2.18190843567
2.15713478342
2.14027057007
2.14637918651
2.19774751708
2.16397165343
2.15177199185
2.1218925488
2.09838755369
2.10947428286
2.1202682215
2.08986250326
2.08654898286
2.07894049659
2.11487316981
2.09920131937
2.05712136075
2.05338690981
2.06540015265
2.05037935093
2.05995951802
2.04481182799
2.04091580674
2.03641153723
2.0285363929
2.02037592158
2.02101032615
2.03335349619
2.01401530907
2.03669434324
2.00173970893
1.99339222014
1.98423962563
1.99282259256
1.99976642892
1.9997470592
1.97815201253
1.96922229081
1.97971197009
1.97169369236
1.9588797684
1.97483347908
1.95409414709
1.94297855586
1.9412140052
1.94654546008
1.93779610619
1.92610515118
1.93283821449
1.95396442965
1.96490265504
1.92539537624
1.90109576523
1.89941418916
1.90936847433
1.92102674842
1.90956531271
1.89904794753
1.89291962355
1.92416566819
1.91094860837
1.88751989409
1.88003041625
1.8797272183
1.87527085185
1.87017615512
1.86787852854
1.87318884179
1.85653618753
1.89304949716
1.84915986404
1.85470987022
1.85772081584
1.87090395227
1.85010613069
1.85573861659
1.83894686118
1.83390432417
1.82970125526
1.82401831567
1.81393980563
1.82076047212
1.81793177918
1.81554716662
1.81573741883
1.81862098649
1.80973187253
1.79938236207
1.81989851356
1.79280027479
1.78937224731
1.78456847832
1.77792778283
1.78191740498
1.79870748222
1.77490191162
1.77307151094
1.77543978676
1.76663940147
1.76824951947
