13056.7541123
9.36466133308
3.74954676414
2.55650881243
2.3681097815
2.34620731807
2.37208213496
2.54694261336
2.30731210899
2.30275421929
2.30274297071
2.3027890017
2.30274946499
2.30277014613
2.30273975492
2.30275158358
2.30276624751
2.30275443912
2.30273608184
2.30276177931
2.30276911235
2.3028050704
2.30273016763
2.30276207304
2.30275660467
2.3027568953
2.30279634523
2.3027767539
2.30272581387
2.30278867102
2.30277244043
2.30278304005
2.30276413465
2.30275726533
2.30277578807
2.30275650549
2.30275309181
2.30278250623
2.30276548433
2.30277001572
2.30278333783
2.30277591515
2.30276591253
2.30276543713
2.30275848103
2.30276715493
2.30275528789
2.3027810421
2.30277482176
2.30279247475
2.30275271726
2.30275439692
2.30274861312
2.30277025199
2.30276738
2.30278115416
2.30274812412
2.30276087809
2.30276622272
2.30277454162
2.3027817862
2.30279183936
2.3027829423
2.30276645303
2.30278873277
2.30276918149
2.30277481008
2.30280738425
2.3027800324
2.30278295112
2.30273734617
2.30277312326
2.30278007674
2.30276555347
2.30273849678
2.30278075719
2.3027831912
2.30277555537
2.30277699327
2.30276155782
2.30278514409
2.30277789521
2.30277765346
2.30273518753
2.30276736021
2.30279657173
2.30274151301
2.30278201723
2.30277812171
2.30275418615
2.30274427891
2.30277010489
2.30278483462
2.30277495313
2.30275120473
2.30279403901
2.30276438475
2.30276615977
2.30277209306
2.30277582049
2.30275779319
2.3027689445
2.30278488636
2.30274222016
2.30275975156
2.30276743937
2.30277972341
2.30275348234
2.3027884059
2.30275869989
2.30279115939
2.30274715662
2.30278802705
2.30279587531
2.30273250461
2.30277767777
2.30273754144
2.3027851572
2.30278449655
2.30276277661
