0.272575006129
0.266650005899
0.273250006236
0.319825007349
0.361300007656
0.396975007191
0.431375007436
0.460100006551
0.484575007632
0.514375008404
0.536550009429
0.561250009894
0.586325010151
0.616725010902
0.640750011832
0.671350013942
0.700700016052
0.730000019997
0.760100021362
0.790275024354
0.817025022745
0.841150022388
0.864400021911
0.884225018084
0.9036750139
0.916400009155
0.925450005352
0.934150002003
0.941874998868
0.947474995852
0.955099993944
0.955099994957
0.961799990714
0.965149990976
0.966149991393
0.971924990654
0.968224992514
0.976049990177
0.973399989903
0.975099989414
0.975524990022
0.980024990797
0.979849990845
0.979224989891
0.98012498945
0.982824989915
0.983449990153
0.982499991119
0.981724990845
0.985049991727
0.985399991512
0.984924991429
0.985174990952
0.986574992001
0.988449991822
0.984024990499
0.98742499274
0.984874991655
0.989649994493
0.988124991596
0.987474991977
0.988674993098
0.990299992621
0.989099992275
0.988049992859
0.989999992609
0.989649993598
0.988849993289
0.989249992967
0.991324994624
0.989299992442
0.989049993396
0.990899993122
0.99212499404
0.991999994755
0.990249993205
0.990874994278
0.991674993694
0.991474994481
0.990649993598
0.99249999392
0.993624994636
0.990649993122
0.992549994469
0.992899994075
0.991524994075
0.991724994183
0.991499994159
0.993724995196
0.9924749946
0.992074994624
0.992449994862
0.993849995077
0.992449994504
0.99162499398
0.994849995494
0.994524995685
0.992874994397
0.993649995089
0.993224995553
0.993224995077
0.993974995732
0.992749994934
0.993799995065
0.994174994886
0.993099994719
0.993049994528
0.993174994349
0.995449996531
0.994874996126
0.994149995625
0.994024995565
0.995749996364
0.993899995267
0.994224995315
0.993749994576
0.994149995446
0.99517499584
0.994499995232
0.995074996233
