80.3550298429
4.55333704972
2.64503274369
2.01652779329
1.81974470282
1.70127230561
1.59717886901
1.51640194774
1.440260598
1.37322697896
1.29922795779
1.23356951237
1.16211024761
1.08497777939
1.00980164927
0.928962381631
0.845955345899
0.761564890772
0.675179578185
0.59447836417
0.516384383768
0.448114308804
0.380464784876
0.331925976019
0.274739986785
0.24081997383
0.212328194875
0.190008910934
0.16830682582
0.155384767486
0.127432861638
0.134531064346
0.117220765898
0.106482108495
0.101590080348
0.0855318840144
0.099083405214
0.0736082024832
0.080388723152
0.0775866092375
0.0764996505007
0.0622538703914
0.0620771424824
0.0642187577046
0.0644809547584
0.0526411032421
0.05079649663
0.0561316403855
0.0559367655774
0.047143042568
0.0452940417791
0.0481130232428
0.0466676510738
0.0430871542616
0.0376726876378
0.0514230643315
0.0421651594814
0.0479825275781
0.0340356788504
0.0386948419102
0.0423575980563
0.0365579313013
0.0347792327332
0.0362945269109
0.0410193733904
0.03244581866
0.0334191123057
0.037240546866
0.0379133207123
0.0280506793907
0.0351588990731
0.0383770682442
0.0315035778368
0.0274862621168
0.025739725462
0.0346511960052
0.0301946308646
0.0297420338404
0.0296723439209
0.0317064945461
0.0248323916697
0.0240928903547
0.0329635946707
0.02502802007
0.0248626207843
0.0297588879231
0.0280741320301
0.0297899728655
0.0210041531797
0.0273912647579
0.0269737112475
0.0247202680346
0.0217738481337
0.0270795394326
0.0324504649886
0.0202752285771
0.0188581031555
0.0227711712417
0.0249565923017
0.0219985448827
0.0228435526113
0.0208203733363
0.024985398072
0.0221452009517
0.021597508788
0.0233046111363
0.0262385637123
0.0259119529027
0.0173230281003
0.0169658240761
0.0218030427714
0.0249177948271
0.0162529951647
0.024733966736
0.0224036325582
0.0249594767424
0.0236458896141
0.0163032277479
0.0234942952677
0.0177909697167
