1639.67382935
1024.52719922
877.468903839
780.58267157
704.68184314
652.339343658
602.794355362
561.561581482
527.432273056
497.231006454
465.624533279
441.193701675
414.432122559
393.791530594
375.57989325
356.765316055
337.924499626
320.422020645
305.940951241
293.278003677
276.64156321
264.494770638
251.611703182
241.012663261
228.062352219
217.356577087
205.561687927
198.350726757
188.444683235
178.004392295
172.372462358
165.629546234
157.411380714
150.884119759
141.691320967
134.971649118
128.254604511
123.873165514
117.359839462
111.619434269
107.400299538
102.674666731
97.5552352161
93.5893841858
88.708869729
84.5845183992
81.2656195946
77.9712516012
72.993011137
69.4189453464
66.748855132
62.4998792276
61.8835295448
57.8513970838
55.0021828884
51.2023495736
50.3430099349
46.5097741059
44.6393411319
43.2483475168
42.3545391131
38.6392964462
37.1013668802
36.6684460994
34.5926497774
32.0727364676
30.3789358726
29.7676360096
27.8364863982
25.4877223146
24.8721063572
24.0548407026
22.5396087704
21.6686691173
20.6034491291
18.9585844142
19.0013142899
17.402008087
17.2512514025
16.7061241413
15.9025378888
14.9745815913
13.8978318735
13.3682013511
12.6856001454
12.5392772843
11.6899739068
11.0414471756
10.2176201626
10.6723796453
9.77671299417
9.93108263005
9.28285269882
8.22433005681
8.52156193304
8.20218304381
8.02441121907
7.34971807371
7.28334607852
6.49884350733
7.18197496635
6.64642968494
5.89349842531
6.39966887804
5.21212118628
5.62066809739
5.38589247605
5.36008432001
4.84769630616
5.01292417545
4.83743121896
4.5448892614
4.45603392573
4.01375405873
4.65387388743
3.69779639319
3.84683588901
3.79834123419
3.75098095616
3.43196727886
