0.22647500528
0.30727500695
0.335775006741
0.356575007215
0.373425007679
0.387400006726
0.402925007492
0.413350007981
0.425250007704
0.433625007987
0.448325007692
0.453700007245
0.468675007567
0.474850007623
0.485475008398
0.491575007647
0.503400008649
0.512625008225
0.520950008512
0.530175009102
0.536975008607
0.548225010544
0.554975009829
0.566600009561
0.574825009882
0.580800009996
0.591100011498
0.598575011909
0.608050011396
0.61585001123
0.621250011593
0.632900012285
0.641550014406
0.649950014293
0.655975014597
0.661375014275
0.66922501412
0.6781500144
0.686700016528
0.693350016415
0.70222501564
0.712975016326
0.717775018364
0.725250018895
0.730050019145
0.735450019419
0.740175019979
0.753825022578
0.756800020814
0.76580002144
0.770325020969
0.775325021982
0.785650022477
0.787750022173
0.793750023186
0.805000023365
0.804750024319
0.810225024819
0.819300023556
0.821525025189
0.828200023651
0.833850023508
0.833875022769
0.844675024509
0.842350025237
0.848525021136
0.857600021422
0.859725024521
0.858650022924
0.872025020123
0.86925001967
0.871950021446
0.878775018752
0.880675018191
0.880575020015
0.891575016916
0.892825015903
0.894750016272
0.89660001421
0.900925014079
0.908150010943
0.90435001123
0.911025011778
0.908300009906
0.918025009573
0.916125007689
0.917925007939
0.919650008082
0.92192500639
0.926950004935
0.927300004005
0.928850004673
0.930450003982
0.931975002944
0.931700004101
0.93762500155
0.936800001085
0.941699998856
0.938425000429
0.938975000441
0.944874997675
0.944524997771
0.941050000608
0.946449997067
0.948224997222
0.94597499764
0.950649996936
0.952024995446
0.953149995208
0.950949996233
0.956924993873
0.958399991989
0.9463999964
0.963824991941
0.953649997234
0.960099993527
0.959574993372
0.95924999392
0.96232499361
0.9552249946
