1493.01225226
888.780130005
753.133716064
666.332868454
601.049280487
549.760496201
507.032234207
468.216454163
437.366624176
409.325728058
381.439022827
359.120125946
335.411542061
316.050440353
298.30383107
281.258862938
263.718588707
250.028843292
237.187340027
222.190740799
210.750838768
199.405321636
189.406483822
177.866915451
167.723826031
159.972144257
151.326430016
142.37732938
135.307774231
128.043546513
122.226125481
114.810490063
109.126729317
102.715399189
97.8831011219
93.0136363735
87.4832174854
82.9501917686
78.4823147912
75.0572798042
70.2164266281
66.5846513798
62.8464421554
59.3772351055
57.1110049438
54.1539479966
51.6758060822
47.7520852551
46.0051375859
42.3877543437
40.4951023862
38.7677071643
36.3750457313
35.1643118235
32.67994642
30.3644180284
29.3095784822
27.9496314151
26.4414003345
25.0769798084
23.6385013911
22.0025977317
21.6302952829
19.8923872215
19.5420960588
18.1665490567
16.5279551562
16.1686600278
15.7230553773
14.2478875926
13.9198922552
13.6728345391
12.470894395
11.9015944142
11.7915548433
10.4229113697
10.0009401442
9.61485469267
9.26319122681
8.58785238267
8.00632772731
7.97494151343
7.43028633727
7.27521858376
6.43968457957
6.37542522264
6.16073378351
6.06318770387
5.86994987744
5.30207300644
5.18053734232
4.93212751202
4.79948413073
4.5730819496
4.64614135342
4.03150632701
4.03741232619
3.70387746758
3.9207563811
3.92108230265
3.25018614284
3.29711104894
3.59511090306
3.26062247139
2.95613539741
3.29467703948
2.80550990683
2.66235641899
2.67558479289
2.78716136996
2.38416612285
2.172548685
3.29405284538
1.82723658849
2.76394652586
2.04730775501
2.18941640806
2.26771214063
1.87072651959
2.58912348781
