302.086763992
139.905599995
83.6439518595
47.9741770077
23.9981315172
13.456764847
9.24423039734
6.61553575397
4.87649146825
3.72711302608
2.99669884875
2.57461050078
2.31550132826
2.16338895679
2.05798566163
1.98458218217
1.92558279216
1.8765461041
1.83583666161
1.80318471938
1.7676315552
1.73991392046
1.71657640964
1.68847871885
1.67340189546
1.65692077875
1.63421123356
1.61871073425
1.59945185274
1.58360548794
1.57136223927
1.56195074931
1.54565293863
1.53012797415
1.51852585323
1.50690139756
1.49597115189
1.48247350141
1.47244980901
1.45725612462
1.44955003664
1.43957422361
1.4274129308
1.41486549392
1.40361813352
1.39558092289
1.38169795886
1.36844368704
1.36536280349
1.35162248351
1.34308750078
1.33237122178
1.32512991831
1.31112718105
1.3033359395
1.29007914171
1.28239867575
1.27150696643
1.26309239253
1.25618917793
1.24028677285
1.23525646545
1.22354640111
1.21308639318
1.20336332574
1.19430171102
1.1910157828
1.17748531975
1.17390429266
1.1630947385
1.16011588268
1.14681825384
1.13744861707
1.12678600639
1.12076399967
1.11521375462
1.10217196859
1.09368127666
1.08661126018
1.08556166552
1.07087896943
1.06824282721
1.05901976995
1.04781502292
1.04187313892
1.03403464682
1.02434864417
1.02421645217
1.01293067858
1.0057016091
0.997360472307
0.988058859184
0.983078992441
0.972718233466
0.972755041569
0.961092132553
0.951463301852
0.945485721156
0.939935930073
0.934477409348
0.921315856837
0.918834619895
0.916676028185
0.919089908525
0.905726503432
0.901011709981
0.89572389625
0.887145882323
0.880228770971
0.871947351918
0.864637630582
0.85679185342
0.856867906712
0.854097909667
0.855818358921
0.848260791712
0.834803726785
0.823094258793
0.81991645202
0.816284048557
