2.23262096703
2.08054358214
1.98408604473
1.88264320105
1.82780614018
1.79888977677
1.77740030915
1.75467347831
1.73557639778
1.7117533052
1.68934936255
1.66526939005
1.6426388666
1.62387075573
1.60402195543
1.59070073158
1.575520702
1.56407322794
1.55127441078
1.53928797722
1.52749289036
1.51570625126
1.50578202724
1.49672024012
1.48544400811
1.48055592179
1.46780777782
1.45926510394
1.44897248954
1.44063023001
1.43069376647
1.42323545814
1.41259245187
1.40301852077
1.39632107317
1.38775832206
1.37863973945
1.36995162219
1.36403531671
1.35397325516
1.34575066924
1.33712720364
1.33022875518
1.32229730189
1.31533005834
1.3076243341
1.30088376999
1.29267345071
1.28699403644
1.28139462829
1.27366926953
1.26603343323
1.26195136279
1.25655994296
1.24724780247
1.24274894312
1.23625745326
1.22846139744
1.22458543584
1.21862490088
1.21437277481
1.21104202271
1.20378702402
1.19912663102
1.19523354501
1.19057296336
1.18230674878
1.17889129654
1.1717269522
1.17202094629
1.16327484503
1.15936000496
1.15603282183
1.14823433563
1.14614835277
1.13983562469
1.13543991253
1.13301763892
1.1254522942
1.12547624528
1.1209502849
1.11407928497
1.11022848606
1.10702666938
1.10313060254
1.09872423917
1.09573432505
1.09056777328
1.08657855496
1.08428108171
1.07843731359
1.07635865718
1.07167885661
1.06720218286
1.06268496975
1.06199378893
1.05745192617
1.05408693403
1.04680611536
1.04587601572
1.04154424682
1.03863966778
1.03597783625
1.02891637132
1.02556231186
1.02652556852
1.02156288207
1.01415815353
1.01514527664
1.009531845
1.00742486835
1.003778909
0.998846220225
0.997276118994
0.993705495894
0.992212187797
0.984561867118
0.983412877023
0.979744389653
0.977447983921
