0.152474995023
0.215624993499
0.256924990825
0.295024988502
0.312049989142
0.322949989289
0.333049989603
0.344574989527
0.353674989194
0.362424989045
0.371674988754
0.381724988595
0.389149985909
0.39472498782
0.402799987867
0.408449986801
0.413799987286
0.416024987623
0.423524984866
0.42712498799
0.430999985747
0.436574984342
0.441649985835
0.444474985525
0.449699985161
0.452874986231
0.456499985158
0.462224984542
0.466299982965
0.472799981907
0.474074982181
0.479524981529
0.483049981818
0.488724979609
0.490424978957
0.495174979866
0.499449978918
0.502474976629
0.505399976447
0.509724978507
0.514424976259
0.518224973977
0.519899972677
0.523049973771
0.525449973196
0.529349973053
0.533699971139
0.536424971297
0.537949970812
0.538899970576
0.54152496919
0.546699969396
0.547724971101
0.55109997049
0.552874967381
0.55614997007
0.556599967107
0.560049968362
0.561174966916
0.56547496818
0.566349966154
0.565124967843
0.568299966827
0.569049967229
0.573749966323
0.573799966276
0.576424968168
0.578874966726
0.582524966151
0.57849996686
0.583624966443
0.588124967441
0.585224966556
0.588924968988
0.588499965966
0.592574967593
0.595124967024
0.595549968183
0.594849970415
0.595849967673
0.598274965063
0.601274966151
0.602149967328
0.604699967206
0.602574968487
0.604499966949
0.607099968642
0.60762496829
0.609099967405
0.611624968573
0.613674966469
0.614149968252
0.61627496779
0.616949969232
0.619899967685
0.61909997113
0.621674968302
0.621874970943
0.623149968907
0.624374966025
0.62749996841
0.626199970022
0.627924970016
0.63087496832
0.634099967927
0.631199968904
0.634149969965
0.63514996931
0.635774970949
0.636874966994
0.637924969718
0.638824969754
0.640599968284
0.640874967277
0.642599966899
0.643949973434
0.647049968988
0.646024969891
0.64789996855
0.649199970961
