6012.01368396
1362.78011066
547.249853928
284.026681366
166.818052994
91.5570061989
43.6534530582
20.6175513058
11.9720282464
8.03478258586
6.19678535414
4.98989475131
4.21712424731
3.7846825304
3.39006429577
3.15650909686
2.93058575416
2.84924001014
2.67718525672
2.60452798212
2.47164940906
2.37063762879
2.29080756414
2.24778632331
2.19545869684
2.14508749259
2.10146858287
2.08350796556
2.05310155511
2.03689606559
2.01368421221
1.98393560946
1.96296000087
1.94785044408
1.92939401281
1.90876733458
1.88940429378
1.88147153187
1.86607491016
1.84938218498
1.84123919356
1.83786156714
1.8147949363
1.80787559485
1.79557984233
1.78586515415
1.77054378319
1.76657975757
1.75288438046
1.74493979299
1.73811246514
1.72797189391
1.72064150691
1.71354233265
1.70487610257
1.70421610701
1.69937166536
1.68662157202
1.68376902676
1.67881788158
1.67172848952
1.66674195671
1.65825370014
1.65952474177
1.65205034649
1.64904291117
1.64962001824
1.63733594573
1.63766193008
1.63082532978
1.62945886385
1.62518579471
1.62958342779
1.61551760328
1.61664077008
1.61601160562
1.60971803117
1.60563811171
1.60762819183
1.60196755672
1.60004630542
1.59799438047
1.59799091351
1.5912184068
1.59620482421
1.58955156827
1.58271571529
1.58370449567
1.58308198345
1.58064700806
1.57668154955
1.57329605961
1.57617195368
1.57063221788
1.56563608897
1.56839003646
1.56828725457
1.56535291851
1.57190738058
1.55480302715
1.55962930536
1.55876620936
1.55672477329
1.54864401484
1.55260909808
1.55208084249
1.54870873463
1.54759729099
1.54519145727
1.54212107241
1.54429151106
1.5463794266
1.54114263046
1.53514340758
1.53490272498
1.53342255044
1.53052314425
1.53304152584
1.52522926974
1.5310077014
