0.0991000023764
0.0976500023063
0.0986750021614
0.0980250022132
0.0957500022091
0.0997250022646
0.0990250021983
0.09850000217
0.0986250022594
0.0967250022627
0.100000002343
0.0976750023272
0.0993000022173
0.0983500021696
0.0988750022128
0.0992250023112
0.0981250021625
0.0979000022337
0.0989750023317
0.0969000021443
0.0981750020795
0.0972000021692
0.0991000022143
0.0989250021577
0.100375002287
0.0978750020973
0.0966500022076
0.097000002211
0.0981500023119
0.100300002223
0.0959000021294
0.0976250022687
0.0963000021633
0.0974500023164
0.0975250022393
0.0987250022814
0.0984500022661
0.0943250020184
0.0960500021894
0.0980750022531
0.097875002142
0.099625002319
0.101100002375
0.0984250022192
0.0983250022177
0.0967500021216
0.0981250022985
0.0967750021778
0.0972250021771
0.0977500021718
0.0966500024199
0.0990000022985
0.0985750023462
0.0983000022229
0.0978750022128
0.0975250021759
0.0987250023428
0.0983500022367
0.099175002221
0.0966500023603
0.098025002338
0.0968750021923
0.0968500022572
0.0984000021666
0.0966000020765
0.0980750023164
0.0968500022162
0.0978000022899
0.09890000204
0.098050002221
0.0993250023536
0.0977250022721
0.0971750022322
0.0987250021659
0.0999500023071
0.0973250022549
0.0984250023868
0.0959500021935
0.094575002104
0.0967500022426
0.0988250022586
0.0973000021055
0.0975000022221
0.0993500021826
0.0954500022698
0.0978000022043
0.0972000021767
0.0963500021473
0.0993000023272
0.0991500023324
0.0983250021935
0.0969250022322
0.0957250021324
0.0984250022806
0.0990250022672
0.0992000022158
0.0965500021912
0.0969000022355
0.0985500023309
0.0971500020083
0.0960750023313
0.0985000022165
0.0970750021674
0.098500002278
0.0983000022303
0.0982500021551
0.0958500022106
0.098825002294
0.0984250022396
0.0985500022247
0.0974500023853
0.0986000023205
0.0970000023562
0.095750002047
0.0961500021871
0.0972000023238
0.0989500022866
0.0970750021953
0.0977500022016
0.09782500224
