888.417739906
271.392979822
78.1295046401
17.0394875544
7.60984314889
4.7504063198
3.57946609765
2.97958975822
2.68044761255
2.51180828974
2.37812584743
2.30609813064
2.2618340607
2.26207058325
2.26668728083
2.25951088816
2.2949833104
2.27254750684
2.25247839868
2.2266493167
2.1953849414
2.1798185803
2.20679058015
2.19226401567
2.15377688304
2.14943304703
2.14463655308
2.14707071468
2.13080232963
2.14404639751
2.1526105845
2.12992817268
2.11870279193
2.11807203829
2.11962109655
2.15484598249
2.10845216081
2.09179294378
2.09257808059
2.09094287932
2.0959527798
2.10333126038
2.08670359209
2.07796973869
2.0747814779
2.06590775996
2.06466761708
2.07867073074
2.07920692265
2.06898895442
2.04732121885
2.04183398172
2.04535730287
2.04378239647
2.05092816517
2.06663108304
2.06096336856
2.02413353309
2.01983620018
2.03702784851
2.01885000288
2.03349344417
2.01774317428
2.00436717197
2.01484508842
2.0187676084
2.0000674428
2.01099675715
2.00120400488
2.00534195542
1.99217601568
1.99461907983
2.00012916937
1.9796784617
1.9826812546
1.98565197542
1.98761426553
1.98045117989
1.97319046006
1.9618157962
1.96791522279
1.96659907371
1.96258795097
1.9528102383
1.97095496431
1.96464560017
1.93849317938
1.93912471354
1.94495836109
1.94774282217
1.9338112472
1.9259414281
1.92309592664
1.91780016184
1.9213600944
1.91664562061
1.92304090276
1.93879079789
1.9272287862
1.90247783318
1.90365787998
1.89381934285
1.9005468671
1.91772219762
1.90096549764
1.88573980048
1.87978922054
1.88850486815
1.88460610285
1.8705746147
1.87000034824
1.88642675862
1.87372719347
1.86544638306
1.9028362532
1.89358636543
1.87949634746
1.88459952518
1.86011462092
1.85906692281
