1.9307720499
1.62330493712
1.49042883921
1.38976987624
1.32170964086
1.27050679845
1.22949834365
1.19110988164
1.16707762814
1.13852505541
1.11431054616
1.09423483407
1.07402304411
1.05620211422
1.03602431101
1.02040112156
1.00448957622
0.990187943339
0.975549237549
0.958459557593
0.943081513077
0.931196424574
0.928509909809
0.906909040809
0.90171202442
0.890274278402
0.88513817358
0.875758161873
0.865105654895
0.854450419068
0.846572427481
0.835012736797
0.836058465242
0.825615019858
0.818685152143
0.810069341719
0.800141611725
0.800613891155
0.794095270246
0.78583969152
0.780552885264
0.771446026444
0.764482552052
0.760854846478
0.755761941433
0.750427403539
0.74679284358
0.739085751116
0.740058379769
0.730448011279
0.726731137961
0.71825623247
0.717586560667
0.714675613552
0.706711363256
0.706361587882
0.699689713478
0.696863509387
0.697114004612
0.692813719034
0.680450804338
0.68890498659
0.677988771439
0.678778652385
0.672345597357
0.672365720958
0.663829390675
0.661147841334
0.656119843185
0.65435729152
0.647261609912
0.64984231022
0.651037715107
0.644699731171
0.636797039568
0.638444059774
0.629302589625
0.634189530313
0.626582268611
0.626017902613
0.622820234179
0.620172558099
0.62086921446
0.615572619051
0.612029237196
0.610759342819
0.605394624591
0.603791483015
0.602297612011
0.59980477713
0.591919124812
0.59160780552
0.595657921463
0.592088139325
0.580854242414
0.584198280305
0.585694761738
0.579022836685
0.578530614659
0.580189074337
0.570170511916
0.568442221329
0.567407665551
0.567422842652
0.564539208859
0.562785205081
0.559094857305
0.558544761628
0.556600617781
0.555541279405
0.54764684394
0.551477510601
0.548693548694
0.545699622378
0.541338358521
0.54162423788
0.540114161283
0.539898013204
0.537142842665
0.533930231258
