0.168350004464
0.172750004448
0.168725004323
0.169725004165
0.172675004125
0.172050004538
0.166125004277
0.1592500041
0.157950004006
0.159050003942
0.153975003911
0.159225004315
0.158300004007
0.160950004231
0.16567500446
0.171200004624
0.176500004737
0.176325004362
0.181525004927
0.192075004827
0.202400005355
0.211375005204
0.215625004979
0.222775005732
0.229125005737
0.238825005505
0.247525005547
0.248275006101
0.259075005952
0.260300006263
0.26397500651
0.272825006701
0.277175006822
0.281875006605
0.292575006582
0.296925006412
0.2999000073
0.304150007151
0.308450007014
0.312900007524
0.318575007156
0.319625007145
0.328900007635
0.332200007834
0.335825007036
0.340875007197
0.342600007139
0.345825007677
0.352000007197
0.35435000772
0.355975007348
0.361600007713
0.363650007427
0.364100007117
0.372625007451
0.372400007024
0.370050007939
0.376375007421
0.379500008181
0.380625007913
0.383525008172
0.384825007558
0.384375007346
0.385950007245
0.387375008851
0.389550007775
0.392375007652
0.395775007755
0.395775007874
0.402525007561
0.399950006932
0.39977500771
0.402100007489
0.405050006703
0.406250007644
0.403500007302
0.407725007564
0.409275007576
0.409325007915
0.412675008357
0.413325007394
0.41157500796
0.410400008403
0.414775007367
0.413450007424
0.415875007272
0.418125008345
0.418125007644
0.419050006852
0.41845000796
0.418850007504
0.423075008228
0.422650008231
0.421175007775
0.423950008348
0.422625007376
0.424150007218
0.424000007734
0.423975006014
0.427350007445
0.424700007886
0.425775007188
0.425825008094
0.431300007835
0.427775007695
0.428150008187
0.430500007719
0.429775007814
0.432175007239
0.43332500793
0.431825006068
0.429375008464
0.435425006941
0.437625007376
0.433050007328
0.435875008136
0.437250006989
0.437275007367
0.439825007424
0.434775008127
