17739.8050294
1148.27729425
483.364157944
239.373295784
122.998927208
64.4711420689
42.230292347
31.1999284439
23.0537680426
18.0301524019
13.6074639788
10.3934324646
8.87967322993
6.81679955339
5.52409603715
5.04806969357
4.09314351296
3.94404771996
3.76503054357
3.33108542705
3.06364771295
3.10346461451
2.78828659511
2.67384019661
2.57557725334
2.51198428524
2.48066274023
2.42616459906
2.38790279138
2.36475101852
2.31499756157
2.2553068769
2.25019837809
2.21105881774
2.19052154255
2.15811644804
2.13889981055
2.12042041242
2.09916047025
2.08735021842
2.05286874318
2.02369899011
1.99961546946
1.98365494287
1.954550017
1.95302919638
1.92324169743
1.90758633709
1.88703701341
1.86570251143
1.85552193785
1.84897941589
1.8290857476
1.8267661289
1.81785295272
1.80193270981
1.79429386532
1.78596147716
1.77646552598
1.77518829548
1.75902055264
1.75068336141
1.74362741148
1.73942695689
1.73875750208
1.72306667542
1.71294218683
1.70519168699
1.70349486697
1.70307313871
1.68689134836
1.68068019783
1.67931348979
1.67344411361
1.66811491144
1.66222394741
1.65700577319
1.64911683786
1.64447156894
1.64315081096
1.626299631
1.63230597627
1.6267499125
1.62108634388
1.60914259803
1.61074539828
1.60582867098
1.5948273375
1.59464304948
1.59417130685
1.585155761
1.58397774196
1.58009781682
1.57792483151
1.5749007051
1.57419983327
1.5661978122
1.5684217757
1.56788183439
1.55763815248
1.55871431947
1.55750730538
1.54995653439
1.54248526537
1.54548370039
1.53749990225
1.54123677725
1.53617371058
1.55186493111
1.53174928057
1.52494088328
1.53303191578
1.52530658174
1.52242113233
1.52153179419
1.52082974207
1.51599183095
1.51481844056
1.5113969335
1.51031250238
