0.299724989436
0.305349989645
0.218174992348
0.169899994079
0.153849994568
0.146249994929
0.145999994557
0.146974994545
0.14752499477
0.15177499481
0.155774994679
0.161249994435
0.16474999411
0.166899994072
0.16752499389
0.168999994001
0.167974994122
0.173549993644
0.1718999941
0.178849993893
0.181024993872
0.184899993618
0.179649993679
0.184874993628
0.18739999366
0.190249993429
0.187524993964
0.190899993372
0.197174993465
0.194149993742
0.194024993088
0.196049993061
0.19782499325
0.198824993204
0.201324993041
0.198874993022
0.200124992896
0.205549992477
0.204974992932
0.20647499287
0.20654999305
0.209899992635
0.208574992716
0.211374992896
0.21259999238
0.212799992729
0.212749992828
0.214724992882
0.21479999302
0.219049992939
0.22114999231
0.220599992592
0.222874991791
0.221174993077
0.222999992729
0.224524992313
0.222874992206
0.227549991487
0.229099992379
0.226124992147
0.229724991894
0.228849992249
0.232224991564
0.233549991916
0.232974991994
0.235149991498
0.237899991786
0.237399992039
0.237374991775
0.239449991789
0.240574991824
0.241024991889
0.24144999139
0.243499991698
0.245149991456
0.244274991136
0.24407499129
0.247249991251
0.246624991111
0.248424990745
0.248499991563
0.249674991574
0.25044999077
0.255049991207
0.250874991072
0.257099991171
0.257974990979
0.258999991021
0.257674990557
0.255799990767
0.262724990984
0.260449990472
0.265724991094
0.266449990477
0.266449990654
0.266974990941
0.266824990604
0.267324990286
0.268424990596
0.273199989768
0.27304999047
0.27652498981
0.276699990286
0.27374999024
0.277224989664
0.278749990501
0.280124990018
0.279924989352
0.280499989763
0.28307499066
0.283799989745
0.284424989987
0.284524989864
0.287024990777
0.283849989548
0.2842999902
0.286399990544
0.284524990534
0.292574990168
0.29249998956
