0.448150007039
0.576375010878
0.632950012088
0.675525016338
0.713350018978
0.744675018847
0.778075022876
0.810750026524
0.84227502346
0.873250022233
0.896725015461
0.925400006294
0.938874998927
0.953949995458
0.962524991632
0.965524991572
0.973524991989
0.973499991
0.973824991584
0.97722499162
0.977099991798
0.983549993277
0.979174991369
0.983199991822
0.980299992204
0.982799991667
0.983424991965
0.985874991596
0.985949991465
0.980324990511
0.984024991214
0.98682499367
0.984199991167
0.985649991751
0.987924992979
0.98509999299
0.989449993491
0.985324991882
0.987324993134
0.987799993098
0.984399992287
0.989474993646
0.988999994099
0.987399992585
0.987524992883
0.989174993217
0.98794999218
0.98819999218
0.991224993885
0.985749992371
0.989424993575
0.988849992454
0.990774992883
0.989199992418
0.988499992609
0.989449993849
0.993899995446
0.987899993122
0.991424994946
0.989199994087
0.991099994183
0.991624994457
0.991174993992
0.991499994278
0.989824993312
0.992124995172
0.989974993706
0.990499994576
0.992074994147
0.989749994159
0.993699995399
0.989899993539
0.991399993539
0.992399994314
0.990424993217
0.992149993896
0.994349995196
0.98894999373
0.993024995029
0.990949993908
0.991249994218
0.993549994469
0.991299994469
0.992149993002
0.993399994969
0.992424995065
0.994424995244
0.989899992645
0.992924994826
0.992199994564
0.992199994326
0.994874995887
0.992449994445
0.992324994087
0.992949994445
0.994024995446
0.990499992788
0.993274995029
0.993024995506
0.991699993968
0.99534999609
0.99047499299
0.994899996221
0.993249995053
0.991174993813
0.995699996531
0.994174995124
0.991749993622
0.992249995172
0.993824996173
0.99319999522
0.994974995852
0.992549995005
0.992399994731
0.995349996388
0.993024995744
0.993799995184
0.992724994481
0.993274995089
0.994749996424
