0.100049996311
0.0997749964194
0.100724996147
0.102249996765
0.100799996634
0.102324996046
0.0991249961313
0.101124996543
0.100149996718
0.102199996663
0.0995249965833
0.101524996497
0.102199996114
0.102574996185
0.102074996377
0.102324996535
0.10194999645
0.102674996229
0.102499996093
0.102174996529
0.10222499643
0.10449999637
0.0991999965813
0.105674996139
0.101824995987
0.103074996108
0.104174996489
0.101449996568
0.103774996116
0.102924996316
0.102524996432
0.104874996538
0.101149996137
0.104524995931
0.102824996049
0.104699996687
0.103949996284
0.103649996202
0.103999996451
0.105949996426
0.105124995937
0.10572499658
0.10332499661
0.106074996321
0.103249996286
0.103899996597
0.104549996089
0.104899996636
0.10469999603
0.105274996129
0.105074996091
0.108374995999
0.10529999665
0.106199996094
0.106399996206
0.104699996347
0.105449996004
0.103599996055
0.101174996155
0.103624996371
0.104999996438
0.104424996348
0.103049996272
0.10177499637
0.100149996202
0.100974996169
0.0996749964496
0.100174996187
0.09989999671
0.100599996424
0.0997499965783
0.0999749964057
0.0996749964496
0.0999749965034
0.100149996346
0.100274996022
0.100199996345
0.100049996227
0.0999999963818
0.100024996269
0.0999749965547
0.0999749963917
0.100049996041
0.100024996423
0.0999249962252
0.0999749967316
0.100199996331
0.0999499962572
0.100024996735
0.0999249966629
0.0999749964476
0.100049996166
0.100124996137
0.100024996619
0.0999999962933
0.0999249965604
0.0999499962945
0.0999999965401
0.0999499962619
0.0999999962561
0.0999999962142
0.10002499674
0.0999999965029
0.0999749965733
0.0999999960931
0.0999999962421
0.0999999965774
0.0999749964196
0.100049996302
0.100049996311
0.100024996074
0.0999999965262
0.0999999962049
0.0999749962427
0.0999749963218
0.0999749963218
0.0999999965215
0.0999999961676
0.0999749963125
0.0999999964237
