116462732063.0
54978697804.8
30347864852.5
22063085867.5
17207055334.4
13565077854.7
11037521363.2
9277833612.8
8028889665.28
7165742056.96
6399521849.6
5755134069.76
5191522974.08
4742454897.28
4328246843.52
3967312605.44
3639370976.0
3349050485.76
3070221777.28
2851395411.2
2627406794.24
2425877724.48
2273044616.64
2088652275.2
1963513840.0
1821431560.32
1687427821.12
1589639674.88
1478948722.24
1382853588.8
1291631569.12
1202198439.2
1128477737.44
1045699864.0
970398162.88
896430929.12
838742346.56
777735579.84
733686149.2
691828858.96
657191056.88
622337876.96
588558213.92
555930925.52
528598400.08
498880641.28
471953583.28
446549683.28
424838241.28
399529587.04
377926650.24
357405659.52
336052373.04
311549028.64
290312264.76
266805547.12
246628788.56
231886195.2
217847776.56
200694204.0
160835492.76
64699876.4
19369420.1187
9463268.76313
5470321.79891
3757564.39619
2616399.99137
1801553.11119
1442699.27011
1106804.39172
863157.845162
794554.904128
543217.813517
493581.379858
301154.005719
282367.552909
291164.851185
218373.948197
178639.768602
201028.660049
130822.879736
101954.22965
112257.706504
50622.5783026
63301.6734287
63932.1452365
53530.5092281
59045.0335349
35068.4476852
25377.0031696
23477.6765683
35230.1574393
15996.090317
16323.4198507
22672.9499966
14091.601944
13216.2942557
13369.9118505
20877.9275649
10970.8335283
9117.63859856
10159.5126753
6553.27014367
16309.2259586
11426.1333749
11763.2084233
2720.44101348
5540.34837264
3539.45720816
2820.40305444
13656.2665767
4488.61390446
974.013249028
5176.74569897
16341.4074341
13599.2131131
1058.72252646
19575.4488539
1451.90919353
3429.80345551
