0.259125006014
0.240775005335
0.267800006803
0.304350007184
0.333325008199
0.356150008179
0.374950006992
0.393350007147
0.412625008464
0.429075008065
0.442450007707
0.462825008154
0.479900006831
0.494775008142
0.511275008023
0.531825009704
0.547850008696
0.569600011796
0.589475010633
0.614950014234
0.633075012386
0.656275015712
0.679550015628
0.704775016665
0.726000018328
0.747475019872
0.771500020027
0.78870002389
0.81185002315
0.829075023949
0.846925024092
0.862650022805
0.876725020051
0.888050018609
0.89952501452
0.90835001266
0.915600010037
0.922075005829
0.928525003195
0.93362500149
0.939274999857
0.942424998641
0.94857499671
0.948249995947
0.953099995017
0.953899995625
0.96139999336
0.95899999404
0.961449992597
0.963924990773
0.966024992049
0.966699991465
0.968949990034
0.970699991405
0.970424991727
0.970449990332
0.973449990451
0.973924988806
0.973174990416
0.976424990416
0.97567498976
0.976974990547
0.976899990082
0.978274990439
0.979549990356
0.979149990559
0.978774991333
0.982099991322
0.979249990344
0.981324991107
0.981199990153
0.982149990618
0.983874990463
0.981799991667
0.984224991083
0.983874991953
0.984899991512
0.982949990571
0.98362499088
0.98592499131
0.984474990904
0.985874991417
0.985474991977
0.985099991977
0.985874993145
0.987324992537
0.987524991989
0.985749991834
0.988499992549
0.987174992383
0.987774991214
0.989099993646
0.985999991536
0.986974992394
0.988924992979
0.990074993789
0.98807499212
0.988999993622
0.98972499305
0.987674992144
0.988324992657
0.989274993181
0.989199992716
0.990949993789
0.989674992502
0.98987499243
0.990699993968
0.99022499311
0.989199992836
0.98952499336
0.990474993587
0.990374993324
0.991974994779
0.98974999249
0.990049993396
0.990599993348
0.990499993026
0.990899992883
0.991249993443
0.991449993849
