0.239724991745
0.279474989884
0.266699990411
0.246049991092
0.206849992806
0.183074993552
0.182374993875
0.188374993512
0.198374993186
0.209624992744
0.220224992144
0.236949991565
0.255849991096
0.269574990617
0.290699990131
0.307024989845
0.322524988772
0.335874989312
0.349999989234
0.36262498742
0.371124987025
0.379549987204
0.390574986376
0.400999987312
0.406774986144
0.409899985921
0.417849986423
0.423074985147
0.432574986164
0.437074985597
0.441224985365
0.446674985364
0.453524984345
0.458874985166
0.460299984291
0.463849985078
0.471099984348
0.475449983738
0.479149983861
0.482324982956
0.487074983083
0.490049983189
0.494099983275
0.49867498327
0.504174982011
0.506349982303
0.511274981983
0.516449983008
0.520474981703
0.522174983062
0.527649982423
0.531849982664
0.530799982026
0.535374982879
0.539899983741
0.545349981748
0.54574998185
0.552199982218
0.555849982128
0.554874981493
0.562099981718
0.564549982771
0.569549982324
0.572999982499
0.577099983059
0.578824981377
0.581524981931
0.587449981831
0.587674982995
0.589024982117
0.5930749828
0.595949982889
0.601349982917
0.602999982871
0.605124983341
0.607674981654
0.611599982679
0.615624982454
0.617424982935
0.620874982513
0.622474983446
0.626699983813
0.628599983193
0.635299982801
0.632824984305
0.63809998434
0.640499983653
0.640674983151
0.646374982595
0.647824982628
0.648974982798
0.654524982423
0.657924983762
0.659999983311
0.659224983379
0.665624983422
0.666624982357
0.669499983639
0.671924984418
0.673424982801
0.678249984831
0.678924982585
0.681099984162
0.681349983476
0.685024982877
0.687324983478
0.68909998294
0.691224984527
0.691499983966
0.69612498302
0.697999982014
0.702249984406
0.700824982263
0.703749983385
0.701674983762
0.704724984691
0.708899985068
0.713874985203
0.713649983555
0.7151999823
