1410.91680176
854.405320007
723.586314606
642.441200195
578.555646729
532.237795166
489.924586411
453.724530228
423.56540773
396.990414963
373.214354279
350.98722139
327.922045395
311.440413193
293.708359833
278.968352448
262.48279805
249.8498834
236.789283829
225.009172691
212.435887054
202.772386597
191.816281639
184.053397171
173.672282597
166.968320992
157.975723419
150.857211861
142.76171323
137.748258797
130.647364975
125.028654852
119.483194103
113.914252916
108.969290527
103.230886707
99.7934422188
94.9531614323
90.9946915398
87.2366225967
82.527153224
79.1612493715
75.7085944309
72.3433525133
68.9705906992
66.355314352
63.4860980225
61.1774401541
57.8257665834
55.7561683464
53.2389645326
50.7069588399
48.5350175385
47.0428349929
44.1851926012
42.1971868968
40.5902470841
39.0012912084
37.522181869
35.4181653929
33.8226514459
33.1565274251
31.6433875866
30.6454709499
28.8991544869
27.4623122891
26.2658624594
24.5138244226
23.9495759905
23.0586397563
21.8484008025
21.2355512221
19.7427334599
19.784585471
18.4712090755
17.654959896
16.9352798608
16.0953687489
15.0264306301
15.3014181708
13.906785397
13.3953916281
13.0951670825
12.4843405237
11.8027101609
11.3022408832
11.5975045518
10.6951329309
9.95299605394
9.63696635643
9.40240143002
9.04653426155
8.66435240849
8.36354056582
7.6434484377
7.81241717212
7.51348840639
6.58091161782
6.97515944413
6.93882059553
6.09325367249
5.81018889418
6.28198500651
5.60228752551
5.53098255545
4.93790272479
5.4323271352
4.72308733025
4.64128109884
4.68498348316
4.31388089775
4.13307247061
4.34714246769
4.20205847867
3.86248291739
3.54963893801
3.39670522426
3.41962312918
3.69506290183
3.10345091379
