100.877615431
3.67360635078
2.18060447526
1.97050971937
1.85635848308
1.78775516737
1.72900248241
1.67126959562
1.6241748575
1.5765643388
1.53228162873
1.48896289772
1.44191589493
1.40336300784
1.35966511393
1.30775777614
1.2548120724
1.20160537636
1.15049551338
1.08397636914
1.02137598217
0.964473079145
0.903846910864
0.832172889739
0.770829659998
0.708550751179
0.644085342348
0.593895195454
0.533693317682
0.483359833091
0.429956300549
0.391447739333
0.352147366077
0.319732347772
0.291727666721
0.263180271823
0.243659997227
0.221963041075
0.207712044094
0.192868742807
0.176391374905
0.167313109858
0.151026383282
0.152526582271
0.137859003777
0.135769130138
0.117901554452
0.123637474666
0.112339606596
0.11068701061
0.101798410953
0.100430894949
0.0929359423084
0.0858249353566
0.0875961647523
0.0875189207362
0.080830055841
0.0817283716295
0.0801130667516
0.0724266334734
0.072561526211
0.0714638199724
0.0733709567798
0.0667796592559
0.0600226843278
0.0650303537712
0.0660524311044
0.0547813743579
0.0620936364739
0.0585044221713
0.0601970068214
0.0544075781107
0.0496918031556
0.0565659550535
0.0516054450653
0.0502072465366
0.048311215722
0.0537940665629
0.0503439888455
0.0435310675896
0.052320793675
0.0430196914998
0.0455814780607
0.0500074680031
0.0438792065212
0.0407087220818
0.0390343396131
0.0437959724929
0.0346865133972
0.0400948338753
0.0401252418228
0.0353796310408
0.0456667003435
0.0410973576048
0.0375463441489
0.0322258258266
0.0376471327417
0.036165690163
0.0347187210183
0.0374026428498
0.0393408988138
0.0362642018676
0.0380143858727
0.0278518872883
0.0354308453975
0.0318470107016
0.0302259579163
0.0314266652807
0.0360699319104
0.0328988284482
0.0312724904089
0.0318076127
0.026254271811
0.0354729662178
0.0336982307652
0.0305939612873
0.030302591154
0.0293913997255
0.0297014008291
0.0284176869298
