0.191375004709
0.220050005749
0.223575005556
0.234175005697
0.251650005877
0.271250006896
0.294300006256
0.324850007154
0.341975006901
0.368225007415
0.386450007111
0.40987500751
0.428925008461
0.454050007775
0.472925007433
0.496075007856
0.519025007218
0.548000009745
0.572425009131
0.592850011259
0.613000010699
0.629800012141
0.633825012058
0.665175015479
0.674150015503
0.684300016046
0.704775016099
0.72107501936
0.730975018293
0.742325020552
0.75367501843
0.767700021803
0.776550021887
0.788425023139
0.792625024498
0.812300025046
0.814375024259
0.831025024235
0.840600024641
0.848700023949
0.84110002023
0.858275021851
0.877225019693
0.883575019717
0.885425017953
0.896575014532
0.897275015235
0.906725012243
0.909225011349
0.911550009966
0.917775009453
0.921475006819
0.923675007045
0.92897500366
0.928100004613
0.933200000942
0.938250001073
0.936000001669
0.937100001514
0.939425000072
0.94077499795
0.942449997783
0.944424998581
0.946374996841
0.52144999937
0.100050002288
0.100125002386
0.0966000023205
0.0980250020418
0.097575002173
0.0994750022646
0.0966750021633
0.0962750022672
0.0985500022452
0.0992500022165
0.0964750022497
0.0968000022303
0.0958750021625
0.0935500021651
0.0957500022445
0.0987250023112
0.0963000020795
0.0968500021435
0.0981250022352
0.0955000022594
0.0971250021867
0.0980000020601
0.0970500021726
0.098175002262
0.098750002306
0.0992500022631
0.0968250023033
0.0960000021607
0.0976000021528
0.0973000022192
0.0999250021894
0.0949750021379
0.0974250022452
0.097650002284
0.096400001986
0.0973500023503
0.0956500022598
0.0974750021435
0.0968000022657
0.0967500022221
0.0958250021711
0.0948500020765
0.0974500023108
0.097450002322
0.0978000021335
0.0968750023004
0.0975500021949
0.0967750022728
0.0952750020996
0.0961000021677
0.0972750023622
0.0972000022344
0.0967000021674
0.0965750020891
0.0967000022028
