542.726134203
2.66622275341
2.2914650017
2.11804918265
1.98370403862
1.88237686872
1.8000806644
1.72587954652
1.66776459789
1.61917046523
1.55143805206
1.50794831085
1.4440309003
1.39651110584
1.34224442261
1.29793361551
1.23934502286
1.18140645444
1.12574312145
1.06437553298
1.00940255016
0.942661458522
0.872162054747
0.815764262497
0.726321163803
0.657778784096
0.587850228027
0.521725352779
0.474753302038
0.41742874749
0.390876056034
0.352589900188
0.31731282001
0.302237364836
0.299626320301
0.291545356905
0.248367871825
0.234178256302
1.45483340103
2.30515467215
2.3028819952
2.30273866439
2.307996315
2.3052928009
2.30267787814
2.30268436861
2.30268032432
2.30269168568
2.30269036412
2.30269793129
2.30268275738
2.3026779182
2.30267959952
2.30268716884
2.30268530726
2.30269211817
2.30268025184
2.30268036056
2.30268434238
2.30268530798
2.3026911931
2.30269391012
2.30269633532
2.30268699455
2.30269198155
2.3026861546
2.30268842554
2.30270141006
2.30268951654
2.30269524288
2.30267891955
2.30268631625
2.30269279361
2.31693483734
2.30267849803
2.30269178915
2.30269228625
2.30269152737
2.3701239059
2.30268399525
2.30388337159
2.30269024372
2.30269555473
2.30267743397
2.30268145514
2.3026988349
2.30267467093
2.30269026828
2.30269023728
2.30268328071
2.30267734408
2.30268485403
2.30269328403
2.30269209099
2.30268036509
2.30269955659
2.30268392944
2.30268555737
2.30268763351
2.30269055462
2.30268013358
2.30268663859
2.30269181037
2.30267581272
2.30268231201
2.3026847136
2.30268986535
2.30268181777
2.30269580889
2.30268136621
2.30269397426
2.30268020439
2.30269272017
2.30269449353
2.30267153025
2.30268814039
2.30267679572
2.30269264102
2.30269227028
2.30268551946
