1393.02842911
11.3246329865
5.64387392068
3.60803407371
2.6617395016
2.26065225613
2.04383396947
1.90378256202
1.81174755526
1.73380804467
1.66939907229
1.60914845765
1.55792412949
1.4979943279
1.43830937672
1.38026787972
1.3162606951
1.2507191751
1.18214083123
1.13529796463
1.08341385591
1.03942096168
1.02777809516
0.942263072759
0.917371120811
0.894750586957
0.834589199275
0.793496527642
0.765586480618
0.724448307812
0.693858507395
0.662091987386
0.636395949677
0.601714555025
0.589316886947
0.53376621145
0.528374070331
0.485867592618
0.456406422313
0.435190203346
0.461653596856
0.405697089106
0.360975060035
0.336423073437
0.335770832658
0.300657513268
0.297299082128
0.281615295019
0.265888946015
0.266177486367
0.252432135334
0.239856784489
0.231375596625
0.218996805601
0.217283872224
0.206689910315
0.190495059328
0.197718490543
0.194816131311
0.193850744767
0.189524618695
0.179665507747
0.181295105603
0.17318162732
1.42974842847
2.30385310388
2.30360161018
2.30259822488
2.30257725596
2.3025808115
2.30256413317
2.30262722063
2.3026088233
2.30263090396
2.3025630784
2.30263424659
2.30652637935
2.30321787548
2.30269014072
2.30268391347
2.30269258261
2.30269023061
2.30269549298
2.30267745972
2.30268147755
2.30269883442
2.30267467427
2.30269025731
2.30269024086
2.30268329072
2.30267734718
2.30268485427
2.30269328332
2.30269208765
2.3026803658
2.30269955468
2.30268393087
2.30268555903
2.30268763399
2.3026905539
2.30268013263
2.30268663788
2.30269181347
2.30267580962
2.30268231249
2.30268471122
2.30268986821
2.30268181896
2.30263823986
2.30268138027
2.30269398665
2.30268020058
2.3026927278
2.30269449973
2.30267153096
2.30268813634
2.30267679691
2.3026350739
2.3026922996
2.30262792516
