1.56084857172
1.20595483732
1.05221925896
0.933253166378
0.824737252235
0.735651684612
0.638837385178
0.548568518683
0.459244437635
0.37503151533
0.302233420178
0.22986346589
0.186891595799
0.147073704869
0.120522770641
0.107090723598
0.0856823380012
0.0819214276653
0.0790590342139
0.0717470259035
0.0694189699339
0.0518449774694
0.0632967404397
0.0527966638738
0.0598351439105
0.0524872508082
0.0520857355931
0.0420308916906
0.0417883879443
0.0584889479589
0.0475122620912
0.0403430825373
0.0464821167882
0.0427182679464
0.036907131448
0.042592716826
0.032029396688
0.0452292842852
0.0387632452437
0.0368372865004
0.0470788218574
0.0302072529353
0.0364915514359
0.0384863771506
0.0370057813435
0.0346722517077
0.036824531392
0.0358622753694
0.0259679512419
0.0429791749642
0.0325519578653
0.0363061653311
0.0280402981608
0.0339328724796
0.035532207495
0.0343666796796
0.0199600176548
0.037232863355
0.0267636989173
0.0342757067694
0.0272032354267
0.0251275409178
0.0268296091914
0.0255734013074
0.0312576579275
0.0255131941676
0.0337139146526
0.0289201888027
0.0251944208795
0.032543618274
0.0189207940466
0.0336539090139
0.028016056446
0.0249244266337
0.0316451093542
0.0272434699981
0.0174419437303
0.0372997710049
0.0219047354967
0.0288591107188
0.0295581368176
0.0207445082936
0.0301921891705
0.0263458444844
0.0213746642994
0.0239562744032
0.017719054289
0.0363864221382
0.0245010245929
0.0271399107317
0.0254320396141
0.0179788184208
0.0272375282713
0.0259549803323
0.0249592191762
0.0209207090845
0.0317536805659
0.0242613197443
0.0251203589804
0.0292460055389
0.0155799710008
0.0293734885356
0.017571245203
0.0221218165033
0.0290645121988
0.015748457566
0.0202730776503
0.0297742393579
0.0293170257395
0.0220496402504
0.0237634235083
0.0192146737107
0.0296555068101
0.0292085874645
0.0149789292316
0.0256395085128
0.0225712586056
0.0268911604014
0.0236514964094
0.0204442806272
