0.226925005008
0.301200006761
0.335225007728
0.351975006774
0.372750006825
0.385750007853
0.398350007489
0.410850007638
0.418975008443
0.429000008211
0.441400007263
0.447825007111
0.457400008768
0.468375007138
0.470650007546
0.48460000737
0.493025008678
0.500200006664
0.506575006604
0.514000008613
0.521075007558
0.530600009352
0.538650008649
0.545400009245
0.552725009829
0.560400010109
0.571050009489
0.574275010556
0.583650011539
0.591850010216
0.598600011647
0.603675011456
0.613200011522
0.618325012803
0.630050011754
0.635750012696
0.645400012761
0.65185001561
0.657200013548
0.663400014639
0.669500014335
0.675700015515
0.68440001601
0.688100016356
0.699325016916
0.704100015789
0.708525016725
0.71260001862
0.72542501837
0.731625019193
0.733775021017
0.74530001986
0.741750021189
0.751550022751
0.759400021076
0.769875022173
0.768500021696
0.779425023615
0.784025023282
0.786300024092
0.789875024617
0.799275022984
0.802325023293
0.802875023842
0.812325024664
0.81997502476
0.822800025284
0.826200024128
0.83242502594
0.837675023437
0.839600022852
0.842500023484
0.850900026083
0.854125023425
0.857900022388
0.866350019813
0.862225021839
0.872175020695
0.871450019121
0.872325019836
0.874275020123
0.880550019145
0.884725020111
0.888950017273
0.891075017095
0.891725015402
0.896100015283
0.901650013328
0.906075011551
0.900925013363
0.908350009918
0.9056750108
0.908850011468
0.918025007546
0.914200009108
0.918200006962
0.917100007355
0.922250007033
0.921350006342
0.928725002766
0.924250005484
0.927375005007
0.932250001907
0.926850004554
0.937924999416
0.93260000217
0.935875003099
0.936550000846
0.939775000274
0.938100000441
0.941349997997
0.942274997652
0.942875000656
0.947599998057
0.941499999106
0.95012499702
0.949349996269
0.952324995995
0.949674996436
0.952149996042
