0.225025005633
0.300075006969
0.327725007631
0.344925006941
0.35825000751
0.370875006914
0.382450007461
0.390850007758
0.402750007629
0.413825007468
0.41805000788
0.426775008261
0.438925008252
0.448625007898
0.453975007147
0.463050007984
0.475550008163
0.478825007915
0.488525007546
0.495050009444
0.503950008288
0.511175008237
0.522750008941
0.528425009251
0.536650009215
0.541000008076
0.552800009221
0.560275009185
0.569350007832
0.571800010383
0.582525012553
0.587800010264
0.59560000965
0.600900009751
0.611800011367
0.620375011206
0.621725012302
0.630825012475
0.632575011939
0.641900011867
0.652025013626
0.65897501421
0.664725014567
0.669900014699
0.677800016433
0.683075016409
0.685650015384
0.693275015473
0.700025016814
0.705450018018
0.71040001747
0.721150019169
0.723875018507
0.726575018197
0.736575019926
0.741750020087
0.746950021625
0.751300020814
0.753275021672
0.762600022256
0.767800021648
0.767050020516
0.774000020027
0.777700021505
0.784275023162
0.788075024188
0.7948000229
0.804175023556
0.804150023222
0.807550023735
0.811350024581
0.814875022471
0.824225024104
0.820875024617
0.829650024354
0.830325023949
0.836625022829
0.841625024796
0.84777502352
0.841525022626
0.852000022471
0.856850020468
0.855275022209
0.862075023592
0.865100020409
0.866575020432
0.863825021982
0.872650021553
0.878500019431
0.878225019395
0.879425019026
0.884650017321
0.884775018096
0.889875015616
0.895000016749
0.892975016177
0.895650015473
0.904725014567
0.897775014639
0.900375012517
0.907275011897
0.909625010788
0.904975012779
0.914400010228
0.913625009179
0.919350006998
0.915225008726
0.922050006866
0.921750006437
0.922175006926
0.926000005126
0.927475003779
0.924425005198
0.927850004613
0.929075003624
0.934875000596
0.936225000978
0.934525001228
0.931375004292
0.939925000966
