0.170100004237
0.187875004984
0.190825004986
0.196475004902
0.201175004663
0.1984000047
0.190375004902
0.179625004862
0.173650004752
0.166075004285
0.144025003634
0.140200003508
0.139925003534
0.152875003932
0.16532500425
0.170575004535
0.178300004633
0.185450004611
0.190100004777
0.200900004888
0.214300004808
0.211750005286
0.221375005672
0.234675005177
0.239375005972
0.256325006291
0.262725005865
0.269225006592
0.277575006269
0.280925006717
0.286650007069
0.293375007264
0.304125007324
0.309975007661
0.313150006577
0.324950007334
0.329225007609
0.332750007622
0.33740000803
0.344375007696
0.347350007132
0.34640000762
0.351900007188
0.3568500074
0.36255000782
0.36187500722
0.366625008345
0.369800007448
0.374350007996
0.377425007343
0.380075007491
0.3820000083
0.384600007758
0.384800008118
0.392525007829
0.394300007701
0.395275007874
0.396225007728
0.399075007185
0.400900007948
0.403750008062
0.401550006792
0.404075007662
0.405400007278
0.409000007093
0.410375006974
0.41497500734
0.414675007701
0.420675006658
0.418200007379
0.423575007439
0.421550007015
0.422550007537
0.42775000754
0.427150007725
0.43050000675
0.433175006941
0.431575006917
0.434100007698
0.436175007701
0.435700007349
0.437300008476
0.442600007817
0.441925008565
0.44390000698
0.444950007319
0.446050007045
0.446075007692
0.446875007898
0.451200007588
0.452225008011
0.449700008079
0.449900008261
0.452025007382
0.456700007379
0.457550007939
0.45547500743
0.458625007853
0.457250006318
0.458325007781
0.460350007638
0.463200007305
0.463250008225
0.465200008824
0.463700007826
0.463725008562
0.46502500689
0.465300007239
0.468725006998
0.471225008413
0.471475008249
0.469625008017
0.472900007486
0.475950008094
0.471750007063
0.473025007546
0.474350008175
0.474650007278
0.475700007379
0.477675007939
