6367.91998242
1349.48753876
583.582492325
290.300282486
143.590282562
63.3445417919
31.5947310257
23.1586657925
18.153309864
14.5007990046
9.01268811131
5.70893274164
4.62414718795
3.96462288165
3.47166197133
3.1629680829
2.9556877979
2.78053817976
2.66705055714
2.55391129935
2.4218474797
2.388941679
2.30655042243
2.23819733119
2.19726999342
2.1117713691
2.07271817422
2.04751356328
2.01469083583
1.99911561167
1.98521218216
1.95347605336
1.92651815403
1.90484616292
1.88995750809
1.87025271618
1.8532513504
1.84035565996
1.82546923804
1.80988628888
1.79836591947
1.79261296952
1.77845349061
1.76426771414
1.75677487063
1.75292456186
1.74123657799
1.73496295178
1.72132650363
1.72056111979
1.71143998969
1.70078779912
1.69896425712
1.69486085093
1.68243052924
1.6747880528
1.67351860309
1.67066809464
1.66315129793
1.65715805256
1.64790674877
1.64940571713
1.64266268599
1.63729281676
1.6333881253
1.63102563977
1.61865228653
1.61452620029
1.61054879177
1.61023272765
1.60038454235
1.59902096355
1.59670634615
1.59161877286
1.58850750542
1.58249675608
1.57771272564
1.57311539912
1.57520553958
1.57537588441
1.56246829414
1.56292814338
1.55660132289
1.55352741051
1.55023827517
1.54592298436
1.54029471707
1.54170606482
1.54280712128
1.52602620625
1.53101406467
1.53125517285
1.52583568764
1.52488039684
1.51997870624
1.51392948854
1.51586666965
1.51343474156
1.51103835261
1.50940032852
1.50695869529
1.49898113179
1.49682573164
1.49289115572
1.49124644744
1.48890143299
1.48917301095
1.4911784184
1.48142286217
1.47875114954
1.47701084542
1.47747362769
1.47587144673
1.46982461858
1.471934232
1.46880637991
1.4665006423
1.46515426958
1.45988923419
1.4548147642
